% x y
  0.0000000000000000e+000  0.0000000000000000e+000  4.0000000000000000e+000  0.0000000000000000e+000
  0.0000000000000000e+000  1.7501908933647871e-002  3.9993873820055290e+000  7.0004061703315149e-002
  0.0000000000000000e+000  3.5003817867295742e-002  3.9975497156725193e+000  1.3998668053268754e-001
  0.0000000000000000e+000  5.2505726800943620e-002  3.9944875638947028e+000  2.0992642018231966e-001
  0.0000000000000000e+000  7.0007635734591483e-002  3.9902018646367194e+000  2.7980185748069242e-001
  0.0000000000000000e+000  8.7509544668239361e-002  3.9846939306468125e+000  3.4959158895267567e-001
  0.0000000000000000e+000  1.0501145360188724e-001  3.9779654490547181e+000  4.1927423737560487e-001
  0.0000000000000000e+000  1.2251336253553510e-001  3.9700184808548862e+000  4.8882845832731681e-001
  0.0000000000000000e+000  1.4001527146918297e-001  3.9608554602751771e+000  5.5823294672413826e-001
  0.0000000000000000e+000  1.5751718040283086e-001  3.9504791940312360e+000  6.2746644334682500e-001
  0.0000000000000000e+000  1.7501908933647872e-001  3.9388928604667717e+000  6.9650774135245097e-001
  0.0000000000000000e+000  1.9252099827012659e-001  3.9261000085799993e+000  7.6533569277025659e-001
  0.0000000000000000e+000  2.1002290720377448e-001  3.9121045569365527e+000  8.3392921497946126e-001
  0.0000000000000000e+000  2.2752481613742237e-001  3.8969107924691895e+000  9.0226729716706011e-001
  0.0000000000000000e+000  2.4502672507107021e-001  3.8805233691646692e+000  9.7032900676362510e-001
  0.0000000000000000e+000  2.6252863400471804e-001  3.8629473066381910e+000  1.0380934958551398e+000
  0.0000000000000000e+000  2.8003054293836593e-001  3.8441879885958428e+000  1.1055400075689026e+000
  0.0000000000000000e+000  2.9753245187201383e-001  3.8242511611855226e+000  1.1726478824315432e+000
  0.0000000000000000e+000  3.1503436080566172e-001  3.8031429312368430e+000  1.2393965646972056e+000
  0.0000000000000000e+000  3.3253626973930955e-001  3.7808697643905527e+000  1.3057656086439584e+000
  0.0000000000000000e+000  3.5003817867295745e-001  3.7574384831180536e+000  1.3717346848365031e+000
  0.0000000000000000e+000  3.6754008760660534e-001  3.7328562646316166e+000  1.4372835863532623e+000
  0.0000000000000000e+000  3.8504199654025317e-001  3.7071306386859355e+000  1.5023922349759420e+000
  0.0000000000000000e+000  4.0254390547390106e-001  3.6802694852716979e+000  1.5670406873396723e+000
  0.0000000000000000e+000  4.2004581440754896e-001  3.6522810322018699e+000  1.6312091410418361e+000
  0.0000000000000000e+000  4.3754772334119685e-001  3.6231738525914454e+000  1.6948779407077261e+000
  0.0000000000000000e+000  4.5504963227484474e-001  3.5929568622314241e+000  1.7580275840111610e+000
  0.0000000000000000e+000  4.7255154120849252e-001  3.5616393168578222e+000  1.8206387276482250e+000
  0.0000000000000000e+000  4.9005345014214041e-001  3.5292308093165583e+000  1.8826921932622949e+000
  0.0000000000000000e+000  5.0755535907578830e-001  3.4957412666250800e+000  1.9441689733185437e+000
  0.0000000000000000e+000  5.2505726800943608e-001  3.4611809469316275e+000  2.0050502369261181e+000
  0.0000000000000000e+000  5.4255917694308398e-001  3.4255604363730692e+000  2.0653173356062138e+000
  0.0000000000000000e+000  5.6006108587673187e-001  3.3888906458322756e+000  2.1249518090042661e+000
  0.0000000000000000e+000  5.7756299481037976e-001  3.3511828075960159e+000  2.1839353905445287e+000
  0.0000000000000000e+000  5.9506490374402765e-001  3.3124484719144087e+000  2.2422500130252865e+000
  0.0000000000000000e+000  6.1256681267767554e-001  3.2726995034629751e+000  2.2998778141530032e+000
  0.0000000000000000e+000  6.3006872161132343e-001  3.2319480777083824e+000  2.3568011420137021e+000
  0.0000000000000000e+000  6.4757063054497133e-001  3.1902066771789896e+000  2.4130025604799075e+000
  0.0000000000000000e+000  6.6507253947861911e-001  3.1474880876413365e+000  2.4684648545514847e+000
  0.0000000000000000e+000  6.8257444841226700e-001  3.1038053941837465e+000  2.5231710356287538e+000
  0.0000000000000000e+000  7.0007635734591489e-001  3.0591719772082500e+000  2.5771043467162458e+000
  0.0000000000000000e+000  7.1757826627956267e-001  3.0136015083320435e+000  2.6302482675555230e+000
  0.0000000000000000e+000  7.3508017521321067e-001  2.9671079461997527e+000  2.6825865196854859e+000
  0.0000000000000000e+000  7.5258208414685845e-001  2.9197055322077716e+000  2.7341030714286054e+000
  0.0000000000000000e+000  7.7008399308050635e-001  2.8714087861419966e+000  2.7847821428015771e+000
  0.0000000000000000e+000  7.8758590201415424e-001  2.8222325017302854e+000  2.8346082103488683e+000
  0.0000000000000000e+000  8.0508781094780213e-001  2.7721917421110036e+000  2.8835660118976918e+000
  0.0000000000000000e+000  8.2258971988145002e-001  2.7213018352190512e+000  2.9316405512329480e+000
  0.0000000000000000e+000  8.4009162881509791e-001  2.6695783690907775e+000  2.9788171026907011e+000
  0.0000000000000000e+000  8.5759353774874569e-001  2.6170371870892262e+000  3.0250812156687807e+000
  0.0000000000000000e+000  8.7509544668239370e-001  2.5636943830511689e+000  3.0704187190531336e+000
  0.0000000000000000e+000  8.9259735561604148e-001  2.5095662963574217e+000  3.1148157255585596e+000
  0.0000000000000000e+000  9.1009926454968948e-001  2.4546695069279401e+000  3.1582586359825164e+000
  0.0000000000000000e+000  9.2760117348333726e-001  2.3990208301432472e+000  3.2007341433706742e+000
  0.0000000000000000e+000  9.4510308241698504e-001  2.3426373116937262e+000  3.2422292370929591e+000
  0.0000000000000000e+000  9.6260499135063304e-001  2.2855362223583731e+000  3.2827312068288221e+000
  0.0000000000000000e+000  9.8010690028428082e-001  2.2277350527146047e+000  3.3222276464605276e+000
  0.0000000000000000e+000  9.9760880921792872e-001  2.1692515077807322e+000  3.3607064578732579e+000
  0.0000000000000000e+000  1.0151107181515766e+000  2.1101035015927598e+000  3.3981558546608737e+000
  0.0000000000000000e+000  1.0326126270852245e+000  2.0503091517171517e+000  3.4345643657361986e+000
  0.0000000000000000e+000  1.0501145360188722e+000  1.9898867737012584e+000  3.4699208388447129e+000
  0.0000000000000000e+000  1.0676164449525203e+000  1.9288548754630992e+000  3.5042144439805951e+000
  0.0000000000000000e+000  1.0851183538861680e+000  1.8672321516222254e+000  3.5374346767040428e+000
  0.0000000000000000e+000  1.1026202628198161e+000  1.8050374777733809e+000  3.5695713613588835e+000
  0.0000000000000000e+000  1.1201221717534637e+000  1.7422899047047484e+000  3.6006146541894646e+000
  0.0000000000000000e+000  1.1376240806871116e+000  1.6790086525625114e+000  3.6305550463558900e+000
  0.0000000000000000e+000  1.1551259896207595e+000  1.6152131049635583e+000  3.6593833668466580e+000
  0.0000000000000000e+000  1.1726278985544074e+000  1.5509228030581019e+000  3.6870907852878263e+000
  0.0000000000000000e+000  1.1901298074880553e+000  1.4861574395440513e+000  3.7136688146478369e+000
  0.0000000000000000e+000  1.2076317164217032e+000  1.4209368526349597e+000  3.7391093138371678e+000
  0.0000000000000000e+000  1.2251336253553511e+000  1.3552810199834024e+000  3.7634044902020229e+000
  0.0000000000000000e+000  1.2426355342889990e+000  1.2892100525616417e+000  3.7865469019112927e+000
  0.0000000000000000e+000  1.2601374432226469e+000  1.2227441885014547e+000  3.8085294602360529e+000
  0.0000000000000000e+000  1.2776393521562945e+000  1.1559037868950133e+000  3.8293454317209052e+000
  0.0000000000000000e+000  1.2951412610899427e+000  1.0887093215587056e+000  3.8489884402465000e+000
  0.0000000000000000e+000  1.3126431700235903e+000  1.0211813747618317e+000  3.8674524689825907e+000
  0.0000000000000000e+000  1.3301450789572382e+000  9.5334063092205834e-001  3.8847318622310514e+000
  0.0000000000000000e+000  1.3476469878908861e+000  8.8520787026960324e-001  3.9008213271582632e+000
  0.0000000000000000e+000  1.3651488968245340e+000  8.1680396248206077e-001  3.9157159354163582e+000
  0.0000000000000000e+000  1.3826508057581819e+000  7.4814986029183250e-001  3.9294111246528165e+000
  0.0000000000000000e+000  1.4001527146918298e+000  6.7926659306811621e-001  3.9419026999079563e+000
  0.0000000000000000e+000  1.4176546236254777e+000  6.1017526037542169e-001  3.9531868348998871e+000
  0.0000000000000000e+000  1.4351565325591253e+000  5.4089702551058461e-001  3.9632600731965346e+000
  0.0000000000000000e+000  1.4526584414927735e+000  4.7145310902025384e-001  3.9721193292743782e+000
  0.0000000000000000e+000  1.4701603504264213e+000  4.0186478220085636e-001  3.9797618894635716e+000
  0.0000000000000000e+000  1.4876622593600692e+000  3.3215336058299866e-001  3.9861854127791672e+000
  0.0000000000000000e+000  1.5051641682937169e+000  2.6234019740233328e-001  3.9913879316381795e+000
  0.0000000000000000e+000  1.5226660772273648e+000  1.9244667705886612e-001  3.9953678524622736e+000
  0.0000000000000000e+000  1.5401679861610127e+000  1.2249420856672776e-001  3.9981239561658928e+000
  0.0000000000000000e+000  1.5576698950946608e+000  5.2504218996395263e-002  3.9996553985296757e+000
  0.0000000000000000e+000  1.5751718040283085e+000 -1.7501853088606880e-002  3.9999617104590470e+000
  0.0000000000000000e+000  1.5926737129619564e+000 -8.7502564198540578e-002  3.9990427981279071e+000
  0.0000000000000000e+000  1.6101756218956043e+000 -1.5747647248577906e-001  3.9968989430073707e+000
  0.0000000000000000e+000  1.6276775308292519e+000 -2.2740214431264139e-001  3.9935308017795497e+000
  0.0000000000000000e+000  1.6451794397629000e+000 -2.9725816081671186e-001  3.9889394061364065e+000
  0.0000000000000000e+000  1.6626813486965479e+000 -3.6702312447162155e-001  3.9831261624637362e+000
  0.0000000000000000e+000  1.6801832576301958e+000 -4.3667566564131211e-001  3.9760928514103790e+000
  0.0000000000000000e+000  1.6976851665638435e+000 -5.0619444912574207e-001  3.9678416273427910e+000
  0.0000000000000000e+000  1.7151870754974914e+000 -5.7555818069605491e-001  3.9583750176851420e+000
  0.0000000000000000e+000  1.7326889844311395e+000 -6.4474561361718907e-001  3.9476959221451433e+000
  0.0000000000000000e+000  1.7501908933647874e+000 -7.1373555515594311e-001  3.9358076118258420e+000
  0.0000000000000000e+000  1.7676928022984351e+000 -7.8250687307250510e-001  3.9227137282236502e+000
  0.0000000000000000e+000  1.7851947112320830e+000 -8.5103850209344734e-001  3.9084182821129243e+000
  0.0000000000000000e+000  1.8026966201657308e+000 -9.1930945036420442e-001  3.8929256523174272e+000
  0.0000000000000000e+000  1.8201985290993790e+000 -9.8729880587907204e-001  3.8762405843690555e+000
  0.0000000000000000e+000  1.8377004380330266e+000 -1.0549857428867373e+000  3.8583681890542429e+000
  0.0000000000000000e+000  1.8552023469666745e+000 -1.1223495282694023e+000  3.8393139408484753e+000
  0.0000000000000000e+000  1.8727042559003224e+000 -1.1893695278935150e+000  3.8190836762394142e+000
  0.0000000000000000e+000  1.8902061648339701e+000 -1.2560252129301952e+000  3.7976835919391254e+000
  0.0000000000000000e+000  1.9077080737676180e+000 -1.3222961661434012e+000  3.7751202429859716e+000
  0.0000000000000000e+000  1.9252099827012661e+000 -1.3881620881439083e+000  3.7514005407367450e+000
  0.0000000000000000e+000  1.9427118916349140e+000 -1.4536028036071946e+000  3.7265317507496571e+000
  0.0000000000000000e+000  1.9602138005685616e+000 -1.5185982674533287e+000  3.7005214905588306e+000
  0.0000000000000000e+000  1.9777157095022095e+000 -1.5831285709869560e+000  3.6733777273409820e+000
  0.0000000000000000e+000  1.9952176184358574e+000 -1.6471739479955096e+000  3.6451087754750042e+000
  0.0000000000000000e+000  2.0127195273695055e+000 -1.7107147808037808e+000  3.6157232939951962e+000
  0.0000000000000000e+000  2.0302214363031532e+000 -1.7737316062829867e+000  3.5852302839389236e+000
  0.0000000000000000e+000  2.0477233452368009e+000 -1.8362051218125066e+000  3.5536390855895195e+000
  0.0000000000000000e+000  2.0652252541704490e+000 -1.8981161911924473e+000  3.5209593756152708e+000
  0.0000000000000000e+000  2.0827271631040967e+000 -1.9594458505052255e+000  3.4872011641053708e+000
  0.0000000000000000e+000  2.1002290720377443e+000 -2.0201753139243981e+000  3.4523747915037353e+000
  0.0000000000000000e+000  2.1177309809713925e+000 -2.0802859794689241e+000  3.4164909254416318e+000
  0.0000000000000000e+000  2.1352328899050406e+000 -2.1397594347011162e+000  3.3795605574700924e+000
  0.0000000000000000e+000  2.1527347988386882e+000 -2.1985774623665377e+000  3.3415949996930978e+000
  0.0000000000000000e+000  2.1702367077723359e+000 -2.2567220459741173e+000  3.3026058813025805e+000
  0.0000000000000000e+000  2.1877386167059840e+000 -2.3141753753147567e+000  3.2626051450162961e+000
  0.0000000000000000e+000  2.2052405256396321e+000 -2.3709198519167560e+000  3.2216050434196659e+000
  0.0000000000000000e+000  2.2227424345732798e+000 -2.4269380944363874e+000  3.1796181352126984e+000
  0.0000000000000000e+000  2.2402443435069275e+000 -2.4822129439819594e+000  3.1366572813631417e+000
  0.0000000000000000e+000  2.2577462524405756e+000 -2.5367274693697364e+000  3.0927356411670579e+000
  0.0000000000000000e+000  2.2752481613742233e+000 -2.5904649723101096e+000  3.0478666682180147e+000
  0.0000000000000000e+000  2.2927500703078714e+000 -2.6434089925224424e+000  3.0020641062861211e+000
  0.0000000000000000e+000  2.3102519792415190e+000 -2.6955433127769908e+000  2.9553419851081952e+000
  0.0000000000000000e+000  2.3277538881751672e+000 -2.7468519638623983e+000  2.9077146160903213e+000
  0.0000000000000000e+000  2.3452557971088148e+000 -2.7973192294771998e+000  2.8591965879241470e+000
  0.0000000000000000e+000  2.3627577060424625e+000 -2.8469296510438724e+000  2.8098027621182267e+000
  0.0000000000000000e+000  2.3802596149761106e+000 -2.8956680324439348e+000  2.7595482684458106e+000
  0.0000000000000000e+000  2.3977615239097587e+000 -2.9435194446726523e+000  2.7084485003104639e+000
  0.0000000000000000e+000  2.4152634328434064e+000 -2.9904692304119274e+000  2.6565191100309242e+000
  0.0000000000000000e+000  2.4327653417770541e+000 -3.0365030085199716e+000  2.6037760040466540e+000
  0.0000000000000000e+000  2.4502672507107022e+000 -3.0816066784363740e+000  2.5502353380455571e+000
  0.0000000000000000e+000  2.4677691596443498e+000 -3.1257664245012298e+000  2.4959135120153499e+000
  0.0000000000000000e+000  2.4852710685779980e+000 -3.1689687201870047e+000  2.4408271652200897e+000
  0.0000000000000000e+000  2.5027729775116456e+000 -3.2112003322418272e+000  2.3849931711034267e+000
  0.0000000000000000e+000  2.5202748864452937e+000 -3.2524483247429594e+000  2.3284286321201080e+000
  0.0000000000000000e+000  2.5377767953789414e+000 -3.2927000630591783e+000  2.2711508744973514e+000
  0.0000000000000000e+000  2.5552787043125891e+000 -3.3319432177208839e+000  2.2131774429276572e+000
  0.0000000000000000e+000  2.5727806132462372e+000 -3.3701657681967245e+000  2.1545260951947136e+000
  0.0000000000000000e+000  2.5902825221798853e+000 -3.4073560065755917e+000  2.0952147967340333e+000
  0.0000000000000000e+000  2.6077844311135330e+000 -3.4435025411528590e+000  2.0352617151299741e+000
  0.0000000000000000e+000  2.6252863400471806e+000 -3.4785942999197674e+000  1.9746852145508411e+000
  0.0000000000000000e+000  2.6427882489808288e+000 -3.5126205339548795e+000  1.9135038501237820e+000
  0.0000000000000000e+000  2.6602901579144764e+000 -3.5455708207165659e+000  1.8517363622511864e+000
  0.0000000000000000e+000  2.6777920668481245e+000 -3.5774350672355317e+000  1.7894016708703238e+000
  0.0000000000000000e+000  2.6952939757817722e+000 -3.6082035132063766e+000  1.7265188696580065e+000
  0.0000000000000000e+000  2.7127958847154203e+000 -3.6378667339772703e+000  1.6631072201820147e+000
  0.0000000000000000e+000  2.7302977936490680e+000 -3.6664156434368023e+000  1.5991861460011152e+000
  0.0000000000000000e+000  2.7477997025827157e+000 -3.6938414967971442e+000  1.5347752267154413e+000
  0.0000000000000000e+000  2.7653016115163638e+000 -3.7201358932726558e+000  1.4698941919690884e+000
  0.0000000000000000e+000  2.7828035204500119e+000 -3.7452907786531191e+000  1.4045629154067512e+000
  0.0000000000000000e+000  2.8003054293836596e+000 -3.7692984477708169e+000  1.3388014085862432e+000
  0.0000000000000000e+000  2.8178073383173072e+000 -3.7921515468606968e+000  1.2726298148487736e+000
  0.0000000000000000e+000  2.8353092472509553e+000 -3.8138430758128932e+000  1.2060684031488640e+000
  0.0000000000000000e+000  2.8528111561846030e+000 -3.8343663903169229e+000  1.1391375618457900e+000
  0.0000000000000000e+000  2.8703130651182507e+000 -3.8537152038969009e+000  1.0718577924584336e+000
  0.0000000000000000e+000  2.8878149740518988e+000 -3.8718835898371426e+000  1.0042497033854887e+000
  0.0000000000000000e+000  2.9053168829855469e+000 -3.8888659829975682e+000  9.3633400359292540e-001
  0.0000000000000000e+000  2.9228187919191950e+000 -3.9046571815183588e+000  8.6813149627064423e-001
  0.0000000000000000e+000  2.9403207008528427e+000 -3.9192523484133290e+000  7.9966307246027335e-001
  0.0000000000000000e+000  2.9578226097864904e+000 -3.9326470130515441e+000  7.3094970465605102e-001
  0.0000000000000000e+000  2.9753245187201385e+000 -3.9448370725267101e+000  6.6201244038076412e-001
  0.0000000000000000e+000  2.9928264276537861e+000 -3.9558187929139330e+000  5.9287239573870842e-001
  0.0000000000000000e+000  3.0103283365874338e+000 -3.9655888104134522e+000  5.2355074894762543e-001
  0.0000000000000000e+000  3.0278302455210819e+000 -3.9741441323810061e+000  4.5406873385162855e-001
  0.0000000000000000e+000  3.0453321544547296e+000 -3.9814821382445000e+000  3.8444763341709132e-001
  0.0000000000000000e+000  3.0628340633883773e+000 -3.9876005803067178e+000  3.1470877321347257e-001
  0.0000000000000000e+000  3.0803359723220254e+000 -3.9924975844338055e+000  2.4487351488110778e-001
  0.0000000000000000e+000  3.0978378812556735e+000 -3.9961716506293401e+000  1.7496324958795023e-001
  0.0000000000000000e+000  3.1153397901893216e+000 -3.9986216534937893e+000  1.0499939147725833e-001
  0.0000000000000000e+000  3.1328416991229693e+000 -3.9998468425692324e+000  3.5003371108254445e-002
  0.0000000000000000e+000  3.1503436080566170e+000 -3.9998468425692324e+000 -3.5003371108253467e-002
  0.0000000000000000e+000  3.1678455169902651e+000 -3.9986216534937893e+000 -1.0499939147725912e-001
  0.0000000000000000e+000  3.1853474259239127e+000 -3.9961716506293401e+000 -1.7496324958794926e-001
  0.0000000000000000e+000  3.2028493348575604e+000 -3.9924975844338055e+000 -2.4487351488110504e-001
  0.0000000000000000e+000  3.2203512437912085e+000 -3.9876005803067178e+000 -3.1470877321346985e-001
  0.0000000000000000e+000  3.2378531527248562e+000 -3.9814821382445005e+000 -3.8444763341708860e-001
  0.0000000000000000e+000  3.2553550616585039e+000 -3.9741441323810065e+000 -4.5406873385162577e-001
  0.0000000000000000e+000  3.2728569705921524e+000 -3.9655888104134527e+000 -5.2355074894762443e-001
  0.0000000000000000e+000  3.2903588795258001e+000 -3.9558187929139330e+000 -5.9287239573870743e-001
  0.0000000000000000e+000  3.3078607884594482e+000 -3.9448370725267101e+000 -6.6201244038076490e-001
  0.0000000000000000e+000  3.3253626973930959e+000 -3.9326470130515441e+000 -7.3094970465605003e-001
  0.0000000000000000e+000  3.3428646063267435e+000 -3.9192523484133295e+000 -7.9966307246027246e-001
  0.0000000000000000e+000  3.3603665152603917e+000 -3.9046571815183584e+000 -8.6813149627064501e-001
  0.0000000000000000e+000  3.3778684241940393e+000 -3.8888659829975687e+000 -9.3633400359292451e-001
  0.0000000000000000e+000  3.3953703331276870e+000 -3.8718835898371431e+000 -1.0042497033854860e+000
  0.0000000000000000e+000  3.4128722420613351e+000 -3.8537152038969018e+000 -1.0718577924584309e+000
  0.0000000000000000e+000  3.4303741509949828e+000 -3.8343663903169238e+000 -1.1391375618457873e+000
  0.0000000000000000e+000  3.4478760599286304e+000 -3.8138430758128941e+000 -1.2060684031488613e+000
  0.0000000000000000e+000  3.4653779688622790e+000 -3.7921515468606972e+000 -1.2726298148487727e+000
  0.0000000000000000e+000  3.4828798777959267e+000 -3.7692984477708174e+000 -1.3388014085862423e+000
  0.0000000000000000e+000  3.5003817867295748e+000 -3.7452907786531187e+000 -1.4045629154067520e+000
  0.0000000000000000e+000  3.5178836956632225e+000 -3.7201358932726563e+000 -1.4698941919690875e+000
  0.0000000000000000e+000  3.5353856045968701e+000 -3.6938414967971451e+000 -1.5347752267154386e+000
  0.0000000000000000e+000  3.5528875135305182e+000 -3.6664156434368027e+000 -1.5991861460011143e+000
  0.0000000000000000e+000  3.5703894224641659e+000 -3.6378667339772708e+000 -1.6631072201820138e+000
  0.0000000000000000e+000  3.5878913313978136e+000 -3.6082035132063779e+000 -1.7265188696580041e+000
  0.0000000000000000e+000  3.6053932403314617e+000 -3.5774350672355322e+000 -1.7894016708703229e+000
  0.0000000000000000e+000  3.6228951492651094e+000 -3.5455708207165673e+000 -1.8517363622511840e+000
  0.0000000000000000e+000  3.6403970581987579e+000 -3.5126205339548791e+000 -1.9135038501237827e+000
  0.0000000000000000e+000  3.6578989671324056e+000 -3.4785942999197679e+000 -1.9746852145508402e+000
  0.0000000000000000e+000  3.6754008760660533e+000 -3.4435025411528595e+000 -2.0352617151299732e+000
  0.0000000000000000e+000  3.6929027849997014e+000 -3.4073560065755912e+000 -2.0952147967340342e+000
  0.0000000000000000e+000  3.7104046939333490e+000 -3.3701657681967254e+000 -2.1545260951947127e+000
  0.0000000000000000e+000  3.7279066028669967e+000 -3.3319432177208856e+000 -2.2131774429276549e+000
  0.0000000000000000e+000  3.7454085118006448e+000 -3.2927000630591787e+000 -2.2711508744973505e+000
  0.0000000000000000e+000  3.7629104207342925e+000 -3.2524483247429599e+000 -2.3284286321201071e+000
  0.0000000000000000e+000  3.7804123296679402e+000 -3.2112003322418290e+000 -2.3849931711034245e+000
  0.0000000000000000e+000  3.7979142386015883e+000 -3.1689687201870052e+000 -2.4408271652200888e+000
  0.0000000000000000e+000  3.8154161475352359e+000 -3.1257664245012311e+000 -2.4959135120153477e+000
  0.0000000000000000e+000  3.8329180564688845e+000 -3.0816066784363736e+000 -2.5502353380455576e+000
  0.0000000000000000e+000  3.8504199654025322e+000 -3.0365030085199720e+000 -2.6037760040466535e+000
  0.0000000000000000e+000  3.8679218743361798e+000 -2.9904692304119278e+000 -2.6565191100309233e+000
  0.0000000000000000e+000  3.8854237832698280e+000 -2.9435194446726518e+000 -2.7084485003104644e+000
  0.0000000000000000e+000  3.9029256922034756e+000 -2.8956680324439357e+000 -2.7595482684458101e+000
  0.0000000000000000e+000  3.9204276011371233e+000 -2.8469296510438742e+000 -2.8098027621182244e+000
  0.0000000000000000e+000  3.9379295100707714e+000 -2.7973192294772007e+000 -2.8591965879241465e+000
  0.0000000000000000e+000  3.9554314190044191e+000 -2.7468519638623992e+000 -2.9077146160903209e+000
  0.0000000000000000e+000  3.9729333279380667e+000 -2.6955433127769926e+000 -2.9553419851081930e+000
  0.0000000000000000e+000  3.9904352368717149e+000 -2.6434089925224433e+000 -3.0020641062861202e+000
  0.0000000000000000e+000  4.0079371458053625e+000 -2.5904649723101119e+000 -3.0478666682180129e+000
  0.0000000000000000e+000  4.0254390547390111e+000 -2.5367274693697359e+000 -3.0927356411670583e+000
  0.0000000000000000e+000  4.0429409636726588e+000 -2.4822129439819602e+000 -3.1366572813631408e+000
  0.0000000000000000e+000  4.0604428726063064e+000 -2.4269380944363883e+000 -3.1796181352126975e+000
  0.0000000000000000e+000  4.0779447815399541e+000 -2.3709198519167565e+000 -3.2216050434196655e+000
  0.0000000000000000e+000  4.0954466904736018e+000 -2.3141753753147589e+000 -3.2626051450162943e+000
  0.0000000000000000e+000  4.1129485994072503e+000 -2.2567220459741182e+000 -3.3026058813025800e+000
  0.0000000000000000e+000  4.1304505083408980e+000 -2.1985774623665386e+000 -3.3415949996930974e+000
  0.0000000000000000e+000  4.1479524172745457e+000 -2.1397594347011171e+000 -3.3795605574700915e+000
  0.0000000000000000e+000  4.1654543262081933e+000 -2.0802859794689268e+000 -3.4164909254416305e+000
  0.0000000000000000e+000  4.1829562351418410e+000 -2.0201753139244021e+000 -3.4523747915037331e+000
  0.0000000000000000e+000  4.2004581440754887e+000 -1.9594458505052295e+000 -3.4872011641053686e+000
  0.0000000000000000e+000  4.2179600530091372e+000 -1.8981161911924482e+000 -3.5209593756152704e+000
  0.0000000000000000e+000  4.2354619619427849e+000 -1.8362051218125091e+000 -3.5536390855895186e+000
  0.0000000000000000e+000  4.2529638708764335e+000 -1.7737316062829858e+000 -3.5852302839389241e+000
  0.0000000000000000e+000  4.2704657798100811e+000 -1.7107147808037801e+000 -3.6157232939951967e+000
  0.0000000000000000e+000  4.2879676887437288e+000 -1.6471739479955105e+000 -3.6451087754750042e+000
  0.0000000000000000e+000  4.3054695976773765e+000 -1.5831285709869578e+000 -3.6733777273409816e+000
  0.0000000000000000e+000  4.3229715066110241e+000 -1.5185982674533312e+000 -3.7005214905588293e+000
  0.0000000000000000e+000  4.3404734155446718e+000 -1.4536028036071973e+000 -3.7265317507496558e+000
  0.0000000000000000e+000  4.3579753244783204e+000 -1.3881620881439083e+000 -3.7514005407367450e+000
  0.0000000000000000e+000  4.3754772334119680e+000 -1.3222961661434030e+000 -3.7751202429859712e+000
  0.0000000000000000e+000  4.3929791423456166e+000 -1.2560252129301945e+000 -3.7976835919391259e+000
  0.0000000000000000e+000  4.4104810512792643e+000 -1.1893695278935141e+000 -3.8190836762394142e+000
  0.0000000000000000e+000  4.4279829602129119e+000 -1.1223495282694023e+000 -3.8393139408484753e+000
  0.0000000000000000e+000  4.4454848691465596e+000 -1.0549857428867384e+000 -3.8583681890542429e+000
  0.0000000000000000e+000  4.4629867780802073e+000 -9.8729880587907304e-001 -3.8762405843690555e+000
  0.0000000000000000e+000  4.4804886870138549e+000 -9.1930945036420708e-001 -3.8929256523174263e+000
  0.0000000000000000e+000  4.4979905959475035e+000 -8.5103850209344745e-001 -3.9084182821129243e+000
  0.0000000000000000e+000  4.5154925048811512e+000 -7.8250687307250610e-001 -3.9227137282236502e+000
  0.0000000000000000e+000  4.5329944138147988e+000 -7.1373555515594411e-001 -3.9358076118258416e+000
  0.0000000000000000e+000  4.5504963227484465e+000 -6.4474561361719085e-001 -3.9476959221451433e+000
  0.0000000000000000e+000  4.5679982316820942e+000 -5.7555818069605857e-001 -3.9583750176851416e+000
  0.0000000000000000e+000  4.5855001406157427e+000 -5.0619444912574307e-001 -3.9678416273427906e+000
  0.0000000000000000e+000  4.6030020495493904e+000 -4.3667566564131310e-001 -3.9760928514103786e+000
  0.0000000000000000e+000  4.6205039584830381e+000 -3.6702312447162344e-001 -3.9831261624637357e+000
  0.0000000000000000e+000  4.6380058674166866e+000 -2.9725816081671103e-001 -3.9889394061364065e+000
  0.0000000000000000e+000  4.6555077763503343e+000 -2.2740214431264236e-001 -3.9935308017795497e+000
  0.0000000000000000e+000  4.6730096852839820e+000 -1.5747647248578006e-001 -3.9968989430073707e+000
  0.0000000000000000e+000  4.6905115942176296e+000 -8.7502564198542437e-002 -3.9990427981279071e+000
  0.0000000000000000e+000  4.7080135031512773e+000 -1.7501853088609638e-002 -3.9999617104590470e+000
  0.0000000000000000e+000  4.7255154120849250e+000  5.2504218996392502e-002 -3.9996553985296757e+000
  0.0000000000000000e+000  4.7430173210185735e+000  1.2249420856672678e-001 -3.9981239561658928e+000
  0.0000000000000000e+000  4.7605192299522212e+000  1.9244667705886426e-001 -3.9953678524622736e+000
  0.0000000000000000e+000  4.7780211388858698e+000  2.6234019740233411e-001 -3.9913879316381795e+000
  0.0000000000000000e+000  4.7955230478195174e+000  3.3215336058299949e-001 -3.9861854127791672e+000
  0.0000000000000000e+000  4.8130249567531651e+000  4.0186478220085625e-001 -3.9797618894635716e+000
  0.0000000000000000e+000  4.8305268656868128e+000  4.7145310902025284e-001 -3.9721193292743782e+000
  0.0000000000000000e+000  4.8480287746204604e+000  5.4089702551058183e-001 -3.9632600731965351e+000
  0.0000000000000000e+000  4.8655306835541081e+000  6.1017526037541903e-001 -3.9531868348998875e+000
  0.0000000000000000e+000  4.8830325924877567e+000  6.7926659306811621e-001 -3.9419026999079563e+000
  0.0000000000000000e+000  4.9005345014214043e+000  7.4814986029183150e-001 -3.9294111246528165e+000
  0.0000000000000000e+000  4.9180364103550520e+000  8.1680396248205900e-001 -3.9157159354163587e+000
  0.0000000000000000e+000  4.9355383192886997e+000  8.8520787026960046e-001 -3.9008213271582637e+000
  0.0000000000000000e+000  4.9530402282223482e+000  9.5334063092205823e-001 -3.8847318622310514e+000
  0.0000000000000000e+000  4.9705421371559959e+000  1.0211813747618308e+000 -3.8674524689825907e+000
  0.0000000000000000e+000  4.9880440460896436e+000  1.0887093215587045e+000 -3.8489884402465000e+000
  0.0000000000000000e+000  5.0055459550232912e+000  1.1559037868950106e+000 -3.8293454317209061e+000
  0.0000000000000000e+000  5.0230478639569398e+000  1.2227441885014556e+000 -3.8085294602360524e+000
  0.0000000000000000e+000  5.0405497728905875e+000  1.2892100525616417e+000 -3.7865469019112927e+000
  0.0000000000000000e+000  5.0580516818242351e+000  1.3552810199834016e+000 -3.7634044902020234e+000
  0.0000000000000000e+000  5.0755535907578828e+000  1.4209368526349579e+000 -3.7391093138371683e+000
  0.0000000000000000e+000  5.0930554996915305e+000  1.4861574395440487e+000 -3.7136688146478378e+000
  0.0000000000000000e+000  5.1105574086251782e+000  1.5509228030580986e+000 -3.6870907852878276e+000
  0.0000000000000000e+000  5.1280593175588267e+000  1.6152131049635574e+000 -3.6593833668466584e+000
  0.0000000000000000e+000  5.1455612264924744e+000  1.6790086525625099e+000 -3.6305550463558909e+000
  0.0000000000000000e+000  5.1630631354261229e+000  1.7422899047047491e+000 -3.6006146541894646e+000
  0.0000000000000000e+000  5.1805650443597706e+000  1.8050374777733815e+000 -3.5695713613588831e+000
  0.0000000000000000e+000  5.1980669532934183e+000  1.8672321516222246e+000 -3.5374346767040432e+000
  0.0000000000000000e+000  5.2155688622270659e+000  1.9288548754630983e+000 -3.5042144439805956e+000
  0.0000000000000000e+000  5.2330707711607136e+000  1.9898867737012562e+000 -3.4699208388447143e+000
  0.0000000000000000e+000  5.2505726800943613e+000  2.0503091517171490e+000 -3.4345643657361999e+000
  0.0000000000000000e+000  5.2680745890280098e+000  2.1101035015927598e+000 -3.3981558546608737e+000
  0.0000000000000000e+000  5.2855764979616575e+000  2.1692515077807317e+000 -3.3607064578732584e+000
  0.0000000000000000e+000  5.3030784068953052e+000  2.2277350527146034e+000 -3.3222276464605289e+000
  0.0000000000000000e+000  5.3205803158289529e+000  2.2855362223583713e+000 -3.2827312068288235e+000
  0.0000000000000000e+000  5.3380822247626014e+000  2.3426373116937262e+000 -3.2422292370929591e+000
  0.0000000000000000e+000  5.3555841336962491e+000  2.3990208301432467e+000 -3.2007341433706746e+000
  0.0000000000000000e+000  5.3730860426298968e+000  2.4546695069279392e+000 -3.1582586359825169e+000
  0.0000000000000000e+000  5.3905879515635444e+000  2.5095662963574199e+000 -3.1148157255585609e+000
  0.0000000000000000e+000  5.4080898604971930e+000  2.5636943830511694e+000 -3.0704187190531331e+000
  0.0000000000000000e+000  5.4255917694308406e+000  2.6170371870892257e+000 -3.0250812156687812e+000
  0.0000000000000000e+000  5.4430936783644883e+000  2.6695783690907771e+000 -2.9788171026907020e+000
  0.0000000000000000e+000  5.4605955872981360e+000  2.7213018352190499e+000 -2.9316405512329493e+000
  0.0000000000000000e+000  5.4780974962317837e+000  2.7721917421110018e+000 -2.8835660118976936e+000
  0.0000000000000000e+000  5.4955994051654313e+000  2.8222325017302832e+000 -2.8346082103488710e+000
  0.0000000000000000e+000  5.5131013140990799e+000  2.8714087861419961e+000 -2.7847821428015780e+000
  0.0000000000000000e+000  5.5306032230327276e+000  2.9197055322077703e+000 -2.7341030714286068e+000
  0.0000000000000000e+000  5.5481051319663761e+000  2.9671079461997532e+000 -2.6825865196854850e+000
  0.0000000000000000e+000  5.5656070409000238e+000  3.0136015083320435e+000 -2.6302482675555234e+000
  0.0000000000000000e+000  5.5831089498336715e+000  3.0591719772082495e+000 -2.5771043467162462e+000
  0.0000000000000000e+000  5.6006108587673191e+000  3.1038053941837456e+000 -2.5231710356287551e+000
  0.0000000000000000e+000  5.6181127677009668e+000  3.1474880876413351e+000 -2.4684648545514865e+000
  0.0000000000000000e+000  5.6356146766346145e+000  3.1902066771789879e+000 -2.4130025604799097e+000
  0.0000000000000000e+000  5.6531165855682630e+000  3.2319480777083824e+000 -2.3568011420137021e+000
  0.0000000000000000e+000  5.6706184945019107e+000  3.2726995034629747e+000 -2.2998778141530036e+000
  0.0000000000000000e+000  5.6881204034355584e+000  3.3124484719144078e+000 -2.2422500130252878e+000
  0.0000000000000000e+000  5.7056223123692060e+000  3.3511828075960146e+000 -2.1839353905445309e+000
  0.0000000000000000e+000  5.7231242213028546e+000  3.3888906458322752e+000 -2.1249518090042661e+000
  0.0000000000000000e+000  5.7406261302365014e+000  3.4255604363730665e+000 -2.0653173356062173e+000
  0.0000000000000000e+000  5.7581280391701499e+000  3.4611809469316266e+000 -2.0050502369261198e+000
  0.0000000000000000e+000  5.7756299481037976e+000  3.4957412666250791e+000 -1.9441689733185457e+000
  0.0000000000000000e+000  5.7931318570374462e+000  3.5292308093165583e+000 -1.8826921932622946e+000
  0.0000000000000000e+000  5.8106337659710938e+000  3.5616393168578218e+000 -1.8206387276482254e+000
  0.0000000000000000e+000  5.8281356749047415e+000  3.5929568622314236e+000 -1.7580275840111619e+000
  0.0000000000000000e+000  5.8456375838383901e+000  3.6231738525914463e+000 -1.6948779407077246e+000
  0.0000000000000000e+000  5.8631394927720368e+000  3.6522810322018686e+000 -1.6312091410418388e+000
  0.0000000000000000e+000  5.8806414017056854e+000  3.6802694852716979e+000 -1.5670406873396723e+000
  0.0000000000000000e+000  5.8981433106393331e+000  3.7071306386859355e+000 -1.5023922349759431e+000
  0.0000000000000000e+000  5.9156452195729807e+000  3.7328562646316157e+000 -1.4372835863532636e+000
  0.0000000000000000e+000  5.9331471285066284e+000  3.7574384831180527e+000 -1.3717346848365055e+000
  0.0000000000000000e+000  5.9506490374402770e+000  3.7808697643905527e+000 -1.3057656086439584e+000
  0.0000000000000000e+000  5.9681509463739237e+000  3.8031429312368417e+000 -1.2393965646972096e+000
  0.0000000000000000e+000  5.9856528553075723e+000  3.8242511611855221e+000 -1.1726478824315445e+000
  0.0000000000000000e+000  6.0031547642412209e+000  3.8441879885958432e+000 -1.1055400075689015e+000
  0.0000000000000000e+000  6.0206566731748676e+000  3.8629473066381901e+000 -1.0380934958551429e+000
  0.0000000000000000e+000  6.0381585821085162e+000  3.8805233691646692e+000 -9.7032900676362543e-001
  0.0000000000000000e+000  6.0556604910421639e+000  3.8969107924691895e+000 -9.0226729716706111e-001
  0.0000000000000000e+000  6.0731623999758124e+000  3.9121045569365527e+000 -8.3392921497945960e-001
  0.0000000000000000e+000  6.0906643089094592e+000  3.9261000085799989e+000 -7.6533569277025926e-001
  0.0000000000000000e+000  6.1081662178431078e+000  3.9388928604667717e+000 -6.9650774135245097e-001
  0.0000000000000000e+000  6.1256681267767545e+000  3.9504791940312356e+000 -6.2746644334682922e-001
  0.0000000000000000e+000  6.1431700357104031e+000  3.9608554602751771e+000 -5.5823294672413992e-001
  0.0000000000000000e+000  6.1606719446440508e+000  3.9700184808548857e+000 -4.8882845832731919e-001
  0.0000000000000000e+000  6.1781738535776993e+000  3.9779654490547181e+000 -4.1927423737560454e-001
  0.0000000000000000e+000  6.1956757625113470e+000  3.9846939306468121e+000 -3.4959158895267617e-001
  0.0000000000000000e+000  6.2131776714449947e+000  3.9902018646367194e+000 -2.7980185748069375e-001
  0.0000000000000000e+000  6.2306795803786432e+000  3.9944875638947028e+000 -2.0992642018231819e-001
  0.0000000000000000e+000  6.2481814893122900e+000  3.9975497156725193e+000 -1.3998668053269045e-001
  0.0000000000000000e+000  6.2656833982459386e+000  3.9993873820055290e+000 -7.0004061703315315e-002
  0.0000000000000000e+000  6.2831853071795862e+000  4.0000000000000000e+000 -9.7971743931788257e-016
