% x v
  0.0000000000000000e+000  0.0000000000000000e+000  4.1027020699094535e-001  8.9364953091353361e-001
  0.0000000000000000e+000  6.2622309197651660e-002  4.8778167142912521e-001  1.5787298350222660e+000
  0.0000000000000000e+000  1.2524461839530332e-001  6.0752171024066892e-001  2.2410815458474524e+000
  0.0000000000000000e+000  1.8786692759295498e-001  7.6781294284270485e-001  2.8732467577141119e+000
  0.0000000000000000e+000  2.5048923679060664e-001  9.6652412370480145e-001  3.4677356007622802e+000
  0.0000000000000000e+000  3.1311154598825830e-001  1.2011156394503348e+000  4.0176868970675983e+000
  0.0000000000000000e+000  3.7573385518590996e-001  1.4686419400983235e+000  4.5169727661864378e+000
  0.0000000000000000e+000  4.3835616438356162e-001  1.7657515390634280e+000  4.9601986251559032e+000
  0.0000000000000000e+000  5.0097847358121328e-001  2.0887166047381975e+000  5.3427292918063447e+000
  0.0000000000000000e+000  5.6360078277886494e-001  2.4337157179919169e+000  5.6607008970382680e+000
  0.0000000000000000e+000  6.2622309197651660e-001  2.7964624685700379e+000  5.9104339590743127e+000
  0.0000000000000000e+000  6.8884540117416826e-001  3.1725262529474554e+000  6.0891287067710733e+000
  0.0000000000000000e+000  7.5146771037181992e-001  3.5574383168742036e+000  6.1950104586963342e+000
  0.0000000000000000e+000  8.1409001956947158e-001  3.9466917553754604e+000  6.2273296231290693e+000
  0.0000000000000000e+000  8.7671232876712324e-001  4.3357415127515431e+000  6.1863616980594482e+000
  0.0000000000000000e+000  9.3933463796477490e-001  4.7200043825779119e+000  6.0734072711888265e+000
  0.0000000000000000e+000  1.0019569471624266e+000  5.0952159354756832e+000  5.8904158414403662e+000
  0.0000000000000000e+000  1.0645792563600782e+000  5.4570250549388302e+000  5.6397194009885316e+000
  0.0000000000000000e+000  1.1272015655577299e+000  5.8009693656170302e+000  5.3245211103933876e+000
  0.0000000000000000e+000  1.1898238747553815e+000  6.1229960961037841e+000  4.9487486824992413e+000
  0.0000000000000000e+000  1.2524461839530332e+000  6.4194621310492250e+000  4.5170543511183787e+000
  0.0000000000000000e+000  1.3150684931506849e+000  6.6871340111601194e+000  4.0348148710310658e+000
  0.0000000000000000e+000  1.3776908023483365e+000  6.9231879331998680e+000  3.5081315179855452e+000
  0.0000000000000000e+000  1.4403131115459882e+000  7.1252097499885050e+000  2.9438300886980389e+000
  0.0000000000000000e+000  1.5029354207436398e+000  7.2911644792396224e+000  2.3488631567058689e+000
  0.0000000000000000e+000  1.5655577299412915e+000  7.4192039050136840e+000  1.7299789378137846e+000
  0.0000000000000000e+000  1.6281800391389432e+000  7.5078905460396719e+000  1.0948005022739071e+000
  0.0000000000000000e+000  1.6908023483365948e+000  7.5563425104200546e+000  4.5091080429515396e-001
  0.0000000000000000e+000  1.7534246575342465e+000  7.5642341680521863e+000 -1.9416553220297628e-001
  0.0000000000000000e+000  1.8160469667318981e+000  7.5317961506283035e+000 -8.3296221359040601e-001
  0.0000000000000000e+000  1.8786692759295498e+000  7.4598153516355277e+000 -1.4580712765264781e+000
  0.0000000000000000e+000  1.9412915851272015e+000  7.3494776311187184e+000 -2.0624055963086101e+000
  0.0000000000000000e+000  2.0039138943248531e+000  7.2021864630437138e+000 -2.6390116217727995e+000
  0.0000000000000000e+000  2.0665362035225048e+000  7.0198606743596672e+000 -3.1809510633677993e+000
  0.0000000000000000e+000  2.1291585127201564e+000  6.8048056765523022e+000 -3.6819661428022039e+000
  0.0000000000000000e+000  2.1917808219178081e+000  6.5597109942265446e+000 -4.1364864588695394e+000
  0.0000000000000000e+000  2.2544031311154598e+000  6.2876502651065289e+000 -4.5396289874482552e+000
  0.0000000000000000e+000  2.3170254403131114e+000  5.9920812400355938e+000 -4.8871980815017304e+000
  0.0000000000000000e+000  2.3796477495107631e+000  5.6766028144488638e+000 -5.1757241822687767e+000
  0.0000000000000000e+000  2.4422700587084147e+000  5.3449479356777978e+000 -5.4020526476595574e+000
  0.0000000000000000e+000  2.5048923679060664e+000  5.0012294334973104e+000 -5.5635762761998953e+000
  0.0000000000000000e+000  2.5675146771037181e+000  4.6495690369189635e+000 -5.6586218094008878e+000
  0.0000000000000000e+000  2.6301369863013697e+000  4.2940943907299802e+000 -5.6864517273813515e+000
  0.0000000000000000e+000  2.6927592954990214e+000  3.9389390554932460e+000 -5.6472642488678249e+000
  0.0000000000000000e+000  2.7553816046966730e+000  3.5882425075473092e+000 -5.5421933311945635e+000
  0.0000000000000000e+000  2.8180039138943247e+000  3.2460592756633990e+000 -5.3732257466605677e+000
  0.0000000000000000e+000  2.8806262230919764e+000  2.9160957018246987e+000 -5.1425863430537531e+000
  0.0000000000000000e+000  2.9432485322896280e+000  2.6024228900330750e+000 -4.8532179511843445e+000
  0.0000000000000000e+000  3.0058708414872797e+000  2.3088177971723245e+000 -4.5087384729997133e+000
  0.0000000000000000e+000  3.0684931506849313e+000  2.0386611587239520e+000 -4.1133886561644442e+000
  0.0000000000000000e+000  3.1311154598825830e+000  1.7949374887671721e+000 -3.6720320940603370e+000
  0.0000000000000000e+000  3.1937377690802347e+000  1.5802350799789080e+000 -3.1901552257864050e+000
  0.0000000000000000e+000  3.2563600782778863e+000  1.3967460036337918e+000 -2.6738673361588758e+000
  0.0000000000000000e+000  3.3189823874755380e+000  1.2462638053541339e+000 -2.1298306435275740e+000
  0.0000000000000000e+000  3.3816046966731896e+000  1.1302752316904849e+000 -1.5641371147367586e+000
  0.0000000000000000e+000  3.4442270058708413e+000  1.0501265439426235e+000 -9.8361886346590333e-001
  0.0000000000000000e+000  3.5068493150684930e+000  1.0067026065358260e+000 -3.9536558255643883e-001
  0.0000000000000000e+000  3.5694716242661446e+000  1.0003718525597574e+000  1.9366839291467697e-001
  0.0000000000000000e+000  3.6320939334637963e+000  1.0309862837684698e+000  7.7666408563495892e-001
  0.0000000000000000e+000  3.6947162426614479e+000  1.0978814705804041e+000  1.3469378760563955e+000
  0.0000000000000000e+000  3.7573385518590996e+000  1.1998765520783892e+000  1.8979415023954469e+000
  0.0000000000000000e+000  3.8199608610567513e+000  1.3353691537980736e+000  2.4233650297879636e+000
  0.0000000000000000e+000  3.8825831702544029e+000  1.5027529097664198e+000  2.9173455972475608e+000
  0.0000000000000000e+000  3.9452054794520546e+000  1.6998967492775110e+000  3.3739944012132477e+000
  0.0000000000000000e+000  4.0078277886497062e+000  1.9243309601988670e+000  3.7880456859352494e+000
  0.0000000000000000e+000  4.0704500978473579e+000  2.1732885896974574e+000  4.1549240346621445e+000
  0.0000000000000000e+000  4.1330724070450096e+000  2.4437054442397041e+000  4.4707443696408689e+000
  0.0000000000000000e+000  4.1956947162426612e+000  2.7322200895914812e+000  4.7323119521167101e+000
  0.0000000000000000e+000  4.2583170254403129e+000  3.0353715859980350e+000  4.9371449317917993e+000
  0.0000000000000000e+000  4.3209393346379645e+000  3.3495766498215822e+000  5.0830880694377827e+000
  0.0000000000000000e+000  4.3835616438356162e+000  3.6709423728828789e+000  5.1684931729409582e+000
  0.0000000000000000e+000  4.4461839530332679e+000  3.9956251206642039e+000  5.1925579666106048e+000
  0.0000000000000000e+000  4.5088062622309195e+000  4.3198340720275308e+000  5.1553280808828799e+000
  0.0000000000000000e+000  4.5714285714285712e+000  4.6398312192145310e+000  5.0576970523208136e+000
  0.0000000000000000e+000  4.6340508806262228e+000  4.9519313678465693e+000  4.9014063236143146e+000
  0.0000000000000000e+000  4.6966731898238745e+000  5.2525436926598692e+000  4.6889994498136183e+000
  0.0000000000000000e+000  4.7592954990215262e+000  5.5384840303027678e+000  4.4231771028381406e+000
  0.0000000000000000e+000  4.8219178082191778e+000  5.8062647205498061e+000  4.1072747809331558e+000
  0.0000000000000000e+000  4.8845401174168295e+000  6.0526331774142301e+000  3.7452247000945240e+000
  0.0000000000000000e+000  4.9471624266144811e+000  6.2747408119889228e+000  3.3414384938681403e+000
  0.0000000000000000e+000  5.0097847358121328e+000  6.4701430324464013e+000  2.9008072133499372e+000
  0.0000000000000000e+000  5.0724070450097845e+000  6.6367992440388175e+000  2.4287013271858853e+000
  0.0000000000000000e+000  5.1350293542074361e+000  6.7730728490979590e+000  1.9309707215719905e+000
  0.0000000000000000e+000  5.1976516634050878e+000  6.8777312470352481e+000  1.4139447002542966e+000
  0.0000000000000000e+000  5.2602739726027394e+000  6.9498212869759284e+000  8.8369504880361449e-001
  0.0000000000000000e+000  5.3228962818003911e+000  6.9885374261010194e+000  3.4629766664011896e-001
  0.0000000000000000e+000  5.3855185909980428e+000  6.9935125579207442e+000 -1.9167576401143860e-001
  0.0000000000000000e+000  5.4481409001956944e+000  6.9648297806645445e+000 -7.2387175984802710e-001
  0.0000000000000000e+000  5.5107632093933461e+000  6.9030223916250701e+000 -1.2441551025518427e+000
  0.0000000000000000e+000  5.5733855185909977e+000  6.8090738871581769e+000 -1.7466088387903071e+000
  0.0000000000000000e+000  5.6360078277886494e+000  6.6844179626829234e+000 -2.2255342802160696e+000
  0.0000000000000000e+000  5.6986301369863011e+000  6.5307851877565728e+000 -2.6756191681999777e+000
  0.0000000000000000e+000  5.7612524461839527e+000  6.3500340706825957e+000 -3.0917648808740887e+000
  0.0000000000000000e+000  5.8238747553816044e+000  6.1444586938519956e+000 -3.4689813141315442e+000
  0.0000000000000000e+000  5.8864970645792560e+000  5.9165949805109195e+000 -3.8029514693500222e+000
  0.0000000000000000e+000  5.9491193737769077e+000  5.6692155161286255e+000 -4.0900407077445511e+000
  0.0000000000000000e+000  6.0117416829745594e+000  5.4053295483974813e+000 -4.3272967503675144e+000
  0.0000000000000000e+000  6.0743639921722110e+000  5.1281829872329663e+000 -4.5124496781086485e+000
  0.0000000000000000e+000  6.1369863013698627e+000  4.8411330687907954e+000 -4.6438959760796639e+000
  0.0000000000000000e+000  6.1996086105675143e+000  4.5474617339870349e+000 -4.7203778006948278e+000
  0.0000000000000000e+000  6.2622309197651660e+000  4.2508082897455477e+000 -4.7410742572117508e+000
  0.0000000000000000e+000  6.3248532289628177e+000  3.9547339265163277e+000 -4.7059080691793485e+000
  0.0000000000000000e+000  6.3874755381604693e+000  3.6626904430713645e+000 -4.6155539782686841e+000
  0.0000000000000000e+000  6.4500978473581210e+000  3.3780202465046436e+000 -4.4714387442729651e+000
  0.0000000000000000e+000  6.5127201565557726e+000  3.1039563522321467e+000 -4.2757411451075500e+000
  0.0000000000000000e+000  6.5753424657534243e+000  2.8436217819968892e+000 -4.0313913072354648e+000
  0.0000000000000000e+000  6.6379647749510760e+000  2.5997277853593017e+000 -3.7415645094150500e+000
  0.0000000000000000e+000  6.7005870841487276e+000  2.3750897509777364e+000 -3.4097682799687234e+000
  0.0000000000000000e+000  6.7632093933463793e+000  2.1725143555410913e+000 -3.0401522966453456e+000
  0.0000000000000000e+000  6.8258317025440309e+000  1.9943981711877945e+000 -2.6371998448687659e+000
  0.0000000000000000e+000  6.8884540117416826e+000  1.8427276655058054e+000 -2.2057278177378228e+000
  0.0000000000000000e+000  6.9510763209393343e+000  1.7190792015326164e+000 -1.7508867160263413e+000
  0.0000000000000000e+000  7.0136986301369859e+000  1.6246190377552501e+000 -1.2781606481831367e+000
  0.0000000000000000e+000  7.0763209393346376e+000  1.5601033281102610e+000 -7.9336733033201012e-001
  0.0000000000000000e+000  7.1389432485322892e+000  1.5258853794419969e+000 -3.0261642233440600e-001
  0.0000000000000000e+000  7.2015655577299409e+000  1.5221994333669349e+000  1.8874035379041509e-001
  0.0000000000000000e+000  7.2641878669275926e+000  1.5490694135947338e+000  6.7490194630455891e-001
  0.0000000000000000e+000  7.3268101761252442e+000  1.6060969769672477e+000  1.1499539905362925e+000
  0.0000000000000000e+000  7.3894324853228959e+000  1.6924984893366068e+000  1.6083337246018865e+000
  0.0000000000000000e+000  7.4520547945205475e+000  1.8071050255652192e+000  2.0448299894056183e+000
  0.0000000000000000e+000  7.5146771037181992e+000  1.9483623695257697e+000  2.4545832286397724e+000
  0.0000000000000000e+000  7.5772994129158509e+000  2.1143310141012206e+000  2.8330854887846346e+000
  0.0000000000000000e+000  7.6399217221135025e+000  2.3027439883830638e+000  3.1762120962134217e+000
  0.0000000000000000e+000  7.7025440313111542e+000  2.5114213268936600e+000  3.4802580283265812e+000
  0.0000000000000000e+000  7.7651663405088058e+000  2.7377797972299271e+000  3.7416304932601738e+000
  0.0000000000000000e+000  7.8277886497064575e+000  2.9790433799673952e+000  3.9573508243371398e+000
  0.0000000000000000e+000  7.8904109589041092e+000  3.2323188810517105e+000  4.1251276321488497e+000
  0.0000000000000000e+000  7.9530332681017608e+000  3.4945959317986368e+000  4.2433568045551047e+000
  0.0000000000000000e+000  8.0156555772994125e+000  3.7627469888940550e+000  4.3111215066841382e+000
  0.0000000000000000e+000  8.0782778864970641e+000  4.0335579222351665e+000  4.3281826943972339e+000
  0.0000000000000000e+000  8.1409001956947158e+000  4.3040178049207052e+000  4.2946999382618429e+000
  0.0000000000000000e+000  8.2035225048923675e+000  4.5708200925274598e+000  4.2111910779582171e+000
  0.0000000000000000e+000  8.2661448140900191e+000  4.8307284439516520e+000  4.0787816256175251e+000
  0.0000000000000000e+000  8.3287671232876708e+000  5.0807079574866520e+000  3.8992104338008273e+000
  0.0000000000000000e+000  8.3913894324853224e+000  5.3179251708229796e+000  3.6748296954990796e+000
  0.0000000000000000e+000  8.4540117416829741e+000  5.5397480610482983e+000  3.4086049441331330e+000
  0.0000000000000000e+000  8.5166340508806258e+000  5.7437460446474251e+000  3.1041150535537305e+000
  0.0000000000000000e+000  8.5792563600782774e+000  5.9277388930072581e+000  2.7654456500113334e+000
  0.0000000000000000e+000  8.6418786692759291e+000  6.0899424733284775e+000  2.3964267361200355e+000
  0.0000000000000000e+000  8.7045009784735807e+000  6.2283371831555669e+000  2.0016504420034695e+000
  0.0000000000000000e+000  8.7671232876712324e+000  6.3412093370719083e+000  1.5859781855814921e+000
  0.0000000000000000e+000  8.8297455968688840e+000  6.4272587778954779e+000  1.1543730063666813e+000
  0.0000000000000000e+000  8.8923679060665357e+000  6.4855988766788428e+000  7.1189956546433653e-001
  0.0000000000000000e+000  8.9549902152641874e+000  6.5157565327091671e+000  2.6372414557247925e-001
  0.0000000000000000e+000  9.0176125244618390e+000  6.5176721735082053e+000 -1.8488534901814990e-001
  0.0000000000000000e+000  9.0802348336594907e+000  6.4916997548323057e+000 -6.2855939242408709e-001
  0.0000000000000000e+000  9.1428571428571423e+000  6.4385814713755760e+000 -1.0618914833777797e+000
  0.0000000000000000e+000  9.2054794520547940e+000  6.3589709331933744e+000 -1.4803373397393587e+000
  0.0000000000000000e+000  9.2681017612524457e+000  6.2538241121469644e+000 -1.8789273299755254e+000
  0.0000000000000000e+000  9.3307240704500973e+000  6.1244726255936195e+000 -2.2528342806402901e+000
  0.0000000000000000e+000  9.3933463796477490e+000  5.9725242562311642e+000 -2.5977290459169891e+000
  0.0000000000000000e+000  9.4559686888454006e+000  5.7998629520979756e+000 -2.9097805076182857e+000
  0.0000000000000000e+000  9.5185909980430523e+000  5.6086488265729848e+000 -3.1856555751861699e+000
  0.0000000000000000e+000  9.5812133072407040e+000  5.4013181583756733e+000 -3.4225191856919581e+000
  0.0000000000000000e+000  9.6438356164383556e+000  5.1805637034927301e+000 -3.6180354325908315e+000
  0.0000000000000000e+000  9.7064579256360073e+000  4.9489013483888735e+000 -3.7702508540330766e+000
  0.0000000000000000e+000  9.7690802348336589e+000  4.7091212101522943e+000 -3.8774169670416434e+000
  0.0000000000000000e+000  9.8317025440313106e+000  4.4641526785079746e+000 -3.9383661583008025e+000
  0.0000000000000000e+000  9.8943248532289623e+000  4.2168977613145300e+000 -3.9525775148387781e+000
  0.0000000000000000e+000  9.9569471624266139e+000  3.9702310845642090e+000 -3.9201768240277488e+000
  0.0000000000000000e+000  1.0019569471624266e+001  3.7269998923828922e+000 -3.8419365735838489e+000
  0.0000000000000000e+000  1.0082191780821917e+001  3.4900240470300945e+000 -3.7192759515671652e+000
  0.0000000000000000e+000  1.0144814090019569e+001  3.2619411308698112e+000 -3.5540706467016325e+000
  0.0000000000000000e+000  1.0207436399217221e+001  3.0452941361946007e+000 -3.3483484636667376e+000
  0.0000000000000000e+000  1.0270058708414872e+001  2.8427766575471285e+000 -3.1047184923841700e+000
  0.0000000000000000e+000  1.0332681017612524e+001  2.6567934380293918e+000 -2.8261842620541180e+000
  0.0000000000000000e+000  1.0395303326810176e+001  2.4894510826042890e+000 -2.5161367039822684e+000
  0.0000000000000000e+000  1.0457925636007827e+001  2.3425580580956167e+000 -2.1783541515798084e+000
  0.0000000000000000e+000  1.0520547945205479e+001  2.2176246931880730e+000 -1.8170023403634250e+000
  0.0000000000000000e+000  1.0583170254403131e+001  2.1158631784272570e+000 -1.4366344079553057e+000
  0.0000000000000000e+000  1.0645792563600782e+001  2.0381851561249218e+000 -1.0420414927505883e+000
  0.0000000000000000e+000  1.0708414872798434e+001  1.9853248213336181e+000 -6.3750135734787705e-001
  0.0000000000000000e+000  1.0771037181996086e+001  1.9579133705217895e+000 -2.2800676453670787e-001
  0.0000000000000000e+000  1.0833659491193737e+001  1.9562444155553660e+000  1.8145331435502610e-001
  0.0000000000000000e+000  1.0896281800391389e+001  1.9802540578981722e+000  5.8606002793305234e-001
  0.0000000000000000e+000  1.0958904109589040e+001  2.0295208886119278e+000  9.8116464473672194e-001
  0.0000000000000000e+000  1.1021526418786692e+001  2.1032659883562475e+000  1.3622885532390057e+000
  0.0000000000000000e+000  1.1084148727984344e+001  2.2003529273886393e+000  1.7251232618464982e+000
  0.0000000000000000e+000  1.1146771037181995e+001  2.3192945521922779e+000  2.0655365339608092e+000
  0.0000000000000000e+000  1.1209393346379647e+001  2.4586416776270061e+000  2.3798162542893864e+000
  0.0000000000000000e+000  1.1272015655577299e+001  2.6167313555326031e+000  2.6643071785329697e+000
  0.0000000000000000e+000  1.1334637964774950e+001  2.7915881654702628e+000  2.9156811022675999e+000
  0.0000000000000000e+000  1.1397260273972602e+001  2.9810801827033533e+000  3.1311445161587068e+000
  0.0000000000000000e+000  1.1459882583170254e+001  3.1829189781974137e+000  3.3084386059611077e+000
  0.0000000000000000e+000  1.1522504892367905e+001  3.3946596186201567e+000  3.4458392525190096e+000
  0.0000000000000000e+000  1.1585127201565557e+001  3.6137105786804802e+000  3.5421576244348483e+000
  0.0000000000000000e+000  1.1647749510763209e+001  3.8375783376839205e+000  3.5966321343315224e+000
  0.0000000000000000e+000  1.1710371819960860e+001  4.0635427318275905e+000  3.6087150551548275e+000
  0.0000000000000000e+000  1.1772994129158512e+001  4.2888456291083292e+000  3.5783617125675318e+000
  0.0000000000000000e+000  1.1835616438356164e+001  4.5108325648673890e+000  3.5060896575726952e+000
  0.0000000000000000e+000  1.1898238747553815e+001  4.7269527417904378e+000  3.3929786665136699e+000
  0.0000000000000000e+000  1.1960861056751467e+001  4.9347590299075579e+000  3.2406707410740991e+000
  0.0000000000000000e+000  1.2023483365949119e+001  5.1319079665932499e+000  3.0513701082779194e+000
  0.0000000000000000e+000  1.2086105675146770e+001  5.3162231926001944e+000  2.8277523398606537e+000
  0.0000000000000000e+000  1.2148727984344422e+001  5.4858345487838278e+000  2.5724460665974207e+000
  0.0000000000000000e+000  1.2211350293542074e+001  5.6386184711671099e+000  2.2886469615281109e+000
  0.0000000000000000e+000  1.2273972602739725e+001  5.7726998269244687e+000  1.9798405765534863e+000
  0.0000000000000000e+000  1.2336594911937377e+001  5.8865280461615699e+000  1.6497269131963825e+000
  0.0000000000000000e+000  1.2399217221135029e+001  5.9788771219153132e+000  1.3022204226017078e+000
  0.0000000000000000e+000  1.2461839530332680e+001  6.0488456101538297e+000  9.4145000553644165e-001
  0.0000000000000000e+000  1.2524461839530332e+001  6.0958566297764900e+000  5.7175901238963744e-001
  0.0000000000000000e+000  1.2587084148727984e+001  6.1196578626138951e+000  1.9770524317242133e-001
  0.0000000000000000e+000  1.2649706457925635e+001  6.1203008009008997e+000 -1.7610927909939164e-001
  0.0000000000000000e+000  1.2712328767123287e+001  6.0978852419826479e+000 -5.4589720956240173e-001
  0.0000000000000000e+000  1.2774951076320939e+001  6.0526712967767464e+000 -9.0708466379385988e-001
  0.0000000000000000e+000  1.2837573385518590e+001  5.9852098054373375e+000 -1.2552209506874632e+000
  0.0000000000000000e+000  1.2900195694716242e+001  5.8963354345878631e+000 -1.5862006904961596e+000
  0.0000000000000000e+000  1.2962818003913894e+001  5.7871666773210686e+000 -1.8962638148321485e+000
  0.0000000000000000e+000  1.3025440313111545e+001  5.6591058531989953e+000 -2.1819955666668789e+000
  0.0000000000000000e+000  1.3088062622309197e+001  5.5138391082529878e+000 -2.4403265003310515e+000
  0.0000000000000000e+000  1.3150684931506849e+001  5.3533364149836897e+000 -2.6685324815146179e+000
  0.0000000000000000e+000  1.3213307240704500e+001  5.1798105478614840e+000 -2.8642416552078069e+000
  0.0000000000000000e+000  1.3275929549902152e+001  4.9951459188083094e+000 -3.0254165274032196e+000
  0.0000000000000000e+000  1.3338551859099804e+001  4.8015403291582892e+000 -3.1501816344373075e+000
  0.0000000000000000e+000  1.3401174168297455e+001  4.6013590923449792e+000 -3.2371426028038681e+000
  0.0000000000000000e+000  1.3463796477495107e+001  4.3969798593798588e+000 -3.2854475762982802e+000
  0.0000000000000000e+000  1.3526418786692759e+001  4.1907926188523277e+000 -3.2947872160175020e+000
  0.0000000000000000e+000  1.3589041095890410e+001  3.9851996969297088e+000 -3.2653947003600718e+000
  0.0000000000000000e+000  1.3651663405088062e+001  3.7826157573572461e+000 -3.1980457250261098e+000
  0.0000000000000000e+000  1.3714285714285714e+001  3.5852914422855577e+000 -3.0938681806297721e+000
  0.0000000000000000e+000  1.3776908023483365e+001  3.3954987563741734e+000 -2.9541796877414868e+000
  0.0000000000000000e+000  1.3839530332681017e+001  3.2155828182294082e+000 -2.7807620080156954e+000
  0.0000000000000000e+000  1.3902152641878669e+001  3.0476663549011449e+000 -2.5757705055507905e+000
  0.0000000000000000e+000  1.3964774951076320e+001  2.8936492779199581e+000 -2.3417338826184340e+000
  0.0000000000000000e+000  1.4027397260273972e+001  2.7552086832971110e+000 -2.0815541796635526e+000
  0.0000000000000000e+000  1.4090019569471623e+001  2.6337988515245598e+000 -1.7985067753043438e+000
  0.0000000000000000e+000  1.4152641878669275e+001  2.5306512475749487e+000 -1.4962403863322704e+000
  0.0000000000000000e+000  1.4215264187866927e+001  2.4467933766656844e+000 -1.1785099211394288e+000
  0.0000000000000000e+000  1.4277886497064578e+001  2.3831536656452719e+000 -8.4889354031476139e-001
  0.0000000000000000e+000  1.4340508806262230e+001  2.3404410796399686e+000 -5.1144423083974166e-001
  0.0000000000000000e+000  1.4403131115459882e+001  2.3190719106687547e+000 -1.7019088436284124e-001
  0.0000000000000000e+000  1.4465753424657533e+001  2.3191694528229729e+000  1.7088126496339928e-001
  0.0000000000000000e+000  1.4528375733855185e+001  2.3405640022663277e+000  5.0783064048236626e-001
  0.0000000000000000e+000  1.4590998043052837e+001  2.3827928572348869e+000  8.3675932303337586e-001
  0.0000000000000000e+000  1.4653620352250488e+001  2.4451860625713948e+000  1.1539464897792415e+000
  0.0000000000000000e+000  1.4716242661448140e+001  2.5269509809238841e+000  1.4557337191790434e+000
  0.0000000000000000e+000  1.4778864970645792e+001  2.6270254114815956e+000  1.7385010283680824e+000
  0.0000000000000000e+000  1.4841487279843443e+001  2.7441469335114572e+000  1.9989940200536362e+000
  0.0000000000000000e+000  1.4904109589041095e+001  2.8768538551018152e+000  2.2343263495927586e+000
  0.0000000000000000e+000  1.4966731898238747e+001  3.0234852131624352e+000  2.4419797249922817e+000
  0.0000000000000000e+000  1.5029354207436398e+001  3.1821807746729385e+000  2.6198039076249389e+000
  0.0000000000000000e+000  1.5091976516634050e+001  3.3510371962645578e+000  2.7660365882307922e+000
  0.0000000000000000e+000  1.5154598825831702e+001  3.5280312019169204e+000  2.8790561171406654e+000
  0.0000000000000000e+000  1.5217221135029353e+001  3.7109758217678426e+000  2.9575722016059922e+000
  0.0000000000000000e+000  1.5279843444227005e+001  3.8976841015932129e+000  3.0007897824181762e+000
  0.0000000000000000e+000  1.5342465753424657e+001  4.0859691028069944e+000  3.0084090339085954e+000
  0.0000000000000000e+000  1.5405088062622308e+001  4.2736439024612256e+000  2.9806253639485982e+000
  0.0000000000000000e+000  1.5467710371819960e+001  4.4585215932460178e+000  2.9181294139495066e+000
  0.0000000000000000e+000  1.5530332681017612e+001  4.6384808620285485e+000  2.8220427394364442e+000
  0.0000000000000000e+000  1.5592954990215263e+001  4.8115608930879921e+000  2.6935988737507879e+000
  0.0000000000000000e+000  1.5655577299412915e+001  4.9756178983433408e+000  2.5344363228609375e+000
  0.0000000000000000e+000  1.5718199608610567e+001  5.1286845862840824e+000  2.3465387098264365e+000
  0.0000000000000000e+000  1.5780821917808218e+001  5.2690058240338633e+000  2.1322146784018283e+000
  0.0000000000000000e+000  1.5843444227005870e+001  5.3950386373504902e+000  1.8940978930366588e+000
  0.0000000000000000e+000  1.5906066536203522e+001  5.5054522106259274e+000  1.6351470388754743e+000
  0.0000000000000000e+000  1.5968688845401173e+001  5.5991278868862988e+000  1.3586458217578214e+000
  0.0000000000000000e+000  1.6031311154598825e+001  5.6751571160958427e+000  1.0681474723983180e+000
  0.0000000000000000e+000  1.6093933463796478e+001  5.7327580510136835e+000  7.6690504016177075e-001
  0.0000000000000000e+000  1.6156555772994128e+001  5.7712733152385320e+000  4.5856590994980440e-001
  0.0000000000000000e+000  1.6219178082191782e+001  5.7903043303600601e+000  1.4686293054642374e-001
  0.0000000000000000e+000  1.6281800391389432e+001  5.7897210967352182e+000 -1.6453885808111157e-001
  0.0000000000000000e+000  1.6344422700587085e+001  5.7696621934882506e+000 -4.7204222478242830e-001
  0.0000000000000000e+000  1.6407045009784735e+001  5.7305347785106910e+000 -7.7211774722389825e-001
  0.0000000000000000e+000  1.6469667318982388e+001  5.6730114650728618e+000 -1.0613099841815250e+000
  0.0000000000000000e+000  1.6532289628180038e+001  5.5978658658644447e+000 -1.3364339675764965e+000
  0.0000000000000000e+000  1.6594911937377692e+001  5.5060444674547808e+000 -1.5942327675428516e+000
  0.0000000000000000e+000  1.6657534246575342e+001  5.3987128812656895e+000 -1.8316400914494793e+000
  0.0000000000000000e+000  1.6720156555772995e+001  5.2772017672695961e+000 -2.0459554657721233e+000
  0.0000000000000000e+000  1.6782778864970645e+001  5.1430068339895731e+000 -2.2348442360932776e+000
  0.0000000000000000e+000  1.6845401174168298e+001  4.9977888384992921e+000 -2.3963375671022797e+000
  0.0000000000000000e+000  1.6908023483365948e+001  4.8433735864230805e+000 -2.5288324425952289e+000
  0.0000000000000000e+000  1.6970645792563602e+001  4.6815956397644820e+000 -2.6310772585923430e+000
  0.0000000000000000e+000  1.7033268101761252e+001  4.5143694307284594e+000 -2.7019607716746528e+000
  0.0000000000000000e+000  1.7095890410958905e+001  4.3437591511049138e+000 -2.7406950901777583e+000
  0.0000000000000000e+000  1.7158512720156555e+001  4.1717984333699087e+000 -2.7469399418686828e+000
  0.0000000000000000e+000  1.7221135029354208e+001  4.0004902940549183e+000 -2.7208026912911607e+000
  0.0000000000000000e+000  1.7283757338551858e+001  3.8318071337469055e+000 -2.6628383397656297e+000
  0.0000000000000000e+000  1.7346379647749512e+001  3.6676907370882463e+000 -2.5740495253892242e+000
  0.0000000000000000e+000  1.7409001956947161e+001  3.5100138204722682e+000 -2.4558420323250005e+000
  0.0000000000000000e+000  1.7471624266144815e+001  3.3604520398010123e+000 -2.3096850661113746e+000
  0.0000000000000000e+000  1.7534246575342465e+001  3.2208495353617317e+000 -2.1374211128191245e+000
  0.0000000000000000e+000  1.7596868884540118e+001  3.0928931265462665e+000 -1.9411854561506723e+000
  0.0000000000000000e+000  1.7659491193737768e+001  2.9780541374360765e+000 -1.7233636500188285e+000
  0.0000000000000000e+000  1.7722113502935422e+001  2.8775883968021829e+000 -1.4865915185467025e+000
  0.0000000000000000e+000  1.7784735812133071e+001  2.7925362381052206e+000 -1.2337551560678002e+000
  0.0000000000000000e+000  1.7847358121330725e+001  2.7237224994953917e+000 -9.6799092712592061e-001
  0.0000000000000000e+000  1.7909980430528375e+001  2.6717567421087800e+000 -6.9268331527499427e-001
  0.0000000000000000e+000  1.7972602739726028e+001  2.6371174797701911e+000 -4.1100620656091735e-001
  0.0000000000000000e+000  1.8035225048923678e+001  2.6201916529285323e+000 -1.2623119332587240e-001
  0.0000000000000000e+000  1.8097847358121331e+001  2.6211284448549894e+000  1.5817209333040849e-001
  0.0000000000000000e+000  1.8160469667318981e+001  2.6398395758698561e+000  4.3885468219822155e-001
  0.0000000000000000e+000  1.8223091976516635e+001  2.6759993033425351e+000  7.1258826195801928e-001
  0.0000000000000000e+000  1.8285714285714285e+001  2.7290444216915288e+000  9.7626518118028383e-001
  0.0000000000000000e+000  1.8348336594911938e+001  2.7981742623844568e+000  1.2268984483256495e+000
  0.0000000000000000e+000  1.8410958904109588e+001  2.8824510345423140e+000  1.4617246578307850e+000
  0.0000000000000000e+000  1.8473581213307241e+001  2.9808521705565183e+000  1.6780600557436376e+000
  0.0000000000000000e+000  1.8536203522504891e+001  3.0921319233104243e+000  1.8733183085620051e+000
  0.0000000000000000e+000  1.8598825831702545e+001  3.2149212521414112e+000  2.0452755685576003e+000
  0.0000000000000000e+000  1.8661448140900195e+001  3.3477285951071218e+000  2.1920717672883487e+000
  0.0000000000000000e+000  1.8724070450097848e+001  3.4889398689855193e+000  2.3122106155984703e+000
  0.0000000000000000e+000  1.8786692759295498e+001  3.6368184692748260e+000  2.4045596036184111e+000
  0.0000000000000000e+000  1.8849315068493151e+001  3.7895874835919496e+000  2.4683354627034486e+000
  0.0000000000000000e+000  1.8911937377690801e+001  3.9454920327750784e+000  2.5029227283145388e+000
  0.0000000000000000e+000  1.8974559686888455e+001  4.1026001098142340e+000  2.5079596173444938e+000
  0.0000000000000000e+000  1.9037181996086105e+001  4.2590310319023814e+000  2.4834786301610432e+000
  0.0000000000000000e+000  1.9099804305283758e+001  4.4129652557084107e+000  2.4299087073885017e+000
  0.0000000000000000e+000  1.9162426614481408e+001  4.5626443773770662e+000  2.3480752299077770e+000
  0.0000000000000000e+000  1.9225048923679061e+001  4.7063711325290134e+000  2.2392000188563492e+000
  0.0000000000000000e+000  1.9287671232876711e+001  4.8425113632496499e+000  2.1048990613549332e+000
  0.0000000000000000e+000  1.9350293542074365e+001  4.9696643027104797e+000  1.9468817162392695e+000
  0.0000000000000000e+000  1.9412915851272015e+001  5.0863405876540861e+000  1.7670716548980356e+000
  0.0000000000000000e+000  1.9475538160469668e+001  5.1910848627022528e+000  1.5677114849284535e+000
  0.0000000000000000e+000  1.9538160469667318e+001  5.2826608418599381e+000  1.3512143783572528e+000
  0.0000000000000000e+000  1.9600782778864971e+001  5.3600513085153203e+000  1.1201640716405814e+000
  0.0000000000000000e+000  1.9663405088062621e+001  5.4224581154397580e+000  8.7731486566410322e-001
  0.0000000000000000e+000  1.9726027397260275e+001  5.4693021847878249e+000  6.2559162574289329e-001
  0.0000000000000000e+000  1.9788649706457925e+001  5.5002235080972817e+000  3.6808978162154737e-001
  0.0000000000000000e+000  1.9851272015655578e+001  5.5150758542494387e+000  1.0805232458791655e-001
  0.0000000000000000e+000  1.9913894324853228e+001  5.5137548906125922e+000 -1.5166964751834289e-001
  0.0000000000000000e+000  1.9976516634050881e+001  5.4962897982650230e+000 -4.0801916896281065e-001
  0.0000000000000000e+000  2.0039138943248531e+001  5.4629406690377644e+000 -6.5790162086213000e-001
  0.0000000000000000e+000  2.0101761252446185e+001  5.4141679639174276e+000 -8.9840784434564358e-001
  0.0000000000000000e+000  2.0164383561643834e+001  5.3506325130462189e+000 -1.1268141405552810e+000
  0.0000000000000000e+000  2.0227005870841488e+001  5.2731955157219197e+000 -1.3405822706456674e+000
  0.0000000000000000e+000  2.0289628180039138e+001  5.1829185403979103e+000 -1.5373594557840198e+000
  0.0000000000000000e+000  2.0352250489236791e+001  5.0809611692002559e+000 -1.7150406974795427e+000
  0.0000000000000000e+000  2.0414872798434441e+001  4.9685289224162856e+000 -1.8716302678086758e+000
  0.0000000000000000e+000  2.0477495107632095e+001  4.8470299148251206e+000 -2.0052646488281081e+000
  0.0000000000000000e+000  2.0540117416829744e+001  4.7179397287327314e+000 -2.1144440695604385e+000
  0.0000000000000000e+000  2.0602739726027398e+001  4.5827995621694502e+000 -2.1980345198196032e+000
  0.0000000000000000e+000  2.0665362035225048e+001  4.4432162288900319e+000 -2.2552677502108240e+000
  0.0000000000000000e+000  2.0727984344422701e+001  4.3008621583735884e+000 -2.2857412721306511e+000
  0.0000000000000000e+000  2.0790606653620351e+001  4.1574382483093588e+000 -2.2894004890747910e+000
  0.0000000000000000e+000  2.0853228962818005e+001  4.0145382914612391e+000 -2.2663433009906773e+000
  0.0000000000000000e+000  2.0915851272015654e+001  3.8739228131955437e+000 -2.2169037616225422e+000
  0.0000000000000000e+000  2.0978473581213308e+001  3.7372846151541510e+000 -2.1417437311096039e+000
  0.0000000000000000e+000  2.1041095890410958e+001  3.6062095596741717e+000 -2.0418487451349159e+000
  0.0000000000000000e+000  2.1103718199608611e+001  3.4821765697878826e+000 -1.9185280149253334e+000
  0.0000000000000000e+000  2.1166340508806261e+001  3.3665576292227883e+000 -1.7734144272515591e+000
  0.0000000000000000e+000  2.1228962818003914e+001  3.2606177824015647e+000 -1.6084645444280872e+000
  0.0000000000000000e+000  2.1291585127201564e+001  3.1654476420978606e+000 -1.4258353117889504e+000
  0.0000000000000000e+000  2.1354207436399218e+001  3.0819651453777546e+000 -1.2275868569304831e+000
  0.0000000000000000e+000  2.1416829745596868e+001  3.0112567188494732e+000 -1.0162169189635073e+000
  0.0000000000000000e+000  2.1479452054794521e+001  2.9542125705092803e+000 -7.9430972541171130e-001
  0.0000000000000000e+000  2.1542074363992171e+001  2.9114993438328001e+000 -5.6449970232135560e-001
  0.0000000000000000e+000  2.1604696673189824e+001  2.8835601177749917e+000 -3.2947147426117240e-001
  0.0000000000000000e+000  2.1667318982387474e+001  2.8706144067701671e+000 -9.1959864322470608e-002
  0.0000000000000000e+000  2.1729941291585128e+001  2.8726581607319801e+000  1.4525010588097120e-001
  0.0000000000000000e+000  2.1792563600782778e+001  2.8894637650534314e+000  3.7932321621279819e-001
  0.0000000000000000e+000  2.1855185909980431e+001  2.9205800406068700e+000  6.0737404801418471e-001
  0.0000000000000000e+000  2.1917808219178081e+001  2.9655195902510298e+000  8.2684699275452145e-001
  0.0000000000000000e+000  2.1980430528375734e+001  3.0238309675094350e+000  1.0354082820592085e+000
  0.0000000000000000e+000  2.2043052837573384e+001  3.0947715912410354e+000  1.2304867495210021e+000
  0.0000000000000000e+000  2.2105675146771038e+001  3.1774615565034656e+000  1.4097876734265851e+000
  0.0000000000000000e+000  2.2168297455968688e+001  3.2708847045103533e+000  1.5712954454827419e+000
  0.0000000000000000e+000  2.2230919765166341e+001  3.3738886226313571e+000  1.7132735708164397e+000
  0.0000000000000000e+000  2.2293542074363991e+001  3.4851846443921244e+000  1.8342646679747552e+000
  0.0000000000000000e+000  2.2356164383561644e+001  3.6033478494743383e+000  1.9330904689249400e+000
  0.0000000000000000e+000  2.2418786692759294e+001  3.7269312470411138e+000  2.0088275281476515e+000
  0.0000000000000000e+000  2.2481409001956948e+001  3.8545413485078388e+000  2.0606558552422163e+000
  0.0000000000000000e+000  2.2544031311154598e+001  3.9845988330713711e+000  2.0879966364997289e+000
  0.0000000000000000e+000  2.2606653620352251e+001  4.1155471460239585e+000  2.0906093636208918e+000
  0.0000000000000000e+000  2.2669275929549901e+001  4.2458583962738317e+000  2.0685923455313642e+000
  0.0000000000000000e+000  2.2731898238747554e+001  4.3740333563452616e+000  2.0223827083817625e+000
  0.0000000000000000e+000  2.2794520547945204e+001  4.4986014623785007e+000  1.9527563955476717e+000
  0.0000000000000000e+000  2.2857142857142858e+001  4.6181348701371627e+000  1.8608129106051510e+000
  0.0000000000000000e+000  2.2919765166340508e+001  4.7313779290616695e+000  1.7477185650094886e+000
  0.0000000000000000e+000  2.2982387475538161e+001  4.8369523241583412e+000  1.6148880578116762e+000
  0.0000000000000000e+000  2.3045009784735811e+001  4.9335698115512061e+000  1.4639725400641290e+000
  0.0000000000000000e+000  2.3107632093933464e+001  5.0201098394777626e+000  1.2968057547842444e+000
  0.0000000000000000e+000  2.3170254403131114e+001  5.0956195482889424e+000  1.1154040369544713e+000
  0.0000000000000000e+000  2.3232876712328768e+001  5.1593137704491427e+000  9.2196631352223357e-001
  0.0000000000000000e+000  2.3295499021526417e+001  5.2105750305361971e+000  7.1887410340001212e-001
  0.0000000000000000e+000  2.3358121330724071e+001  5.2489535452414007e+000  5.0869151746525909e-001
  0.0000000000000000e+000  2.3420743639921721e+001  5.2741311232055317e+000  2.9394647888351350e-001
  0.0000000000000000e+000  2.3483365949119374e+001  5.2858316222079038e+000  7.7026595010053156e-002
  0.0000000000000000e+000  2.3545988258317024e+001  5.2839461632837894e+000 -1.3939949742695523e-001
  0.0000000000000000e+000  2.3608610567514678e+001  5.2685462779925292e+000 -3.5276115257695884e-001
  0.0000000000000000e+000  2.3671232876712327e+001  5.2398832459547036e+000 -5.6059435450680262e-001
  0.0000000000000000e+000  2.3733855185909981e+001  5.1983880948521257e+000 -7.6054171720082597e-001
  0.0000000000000000e+000  2.3796477495107631e+001  5.1446716004278530e+000 -9.5035248456076959e-001
  0.0000000000000000e+000  2.3859099804305284e+001  5.0795071196395343e+000 -1.1279030887535884e+000
  0.0000000000000000e+000  2.3921722113502934e+001  5.0036777486522936e+000 -1.2912735241649640e+000
  0.0000000000000000e+000  2.3984344422700588e+001  4.9181333864846373e+000 -1.4385052563054768e+000
  0.0000000000000000e+000  2.4046966731898237e+001  4.8239344343057295e+000 -1.5678755084373779e+000
  0.0000000000000000e+000  2.4109589041095891e+001  4.7222235458312225e+000 -1.6779506950260537e+000
  0.0000000000000000e+000  2.4172211350293541e+001  4.6142256273232958e+000 -1.7675864217399675e+000
  0.0000000000000000e+000  2.4234833659491194e+001  4.5012478375906131e+000 -1.8359274854507102e+000
  0.0000000000000000e+000  2.4297455968688844e+001  4.3846795749069374e+000 -1.8824078730982938e+000
  0.0000000000000000e+000  2.4360078277886497e+001  4.2658681432439716e+000 -1.9066925464471978e+000
  0.0000000000000000e+000  2.4422700587084147e+001  4.1462109975897903e+000 -1.9085522374091908e+000
  0.0000000000000000e+000  2.4485322896281801e+001  4.0271800613445281e+000 -1.8880149842210274e+000
  0.0000000000000000e+000  2.4547945205479451e+001  3.9101848578980785e+000 -1.8454010596669288e+000
  0.0000000000000000e+000  2.4610567514677104e+001  3.7965725106300416e+000 -1.7813229710785730e+000
  0.0000000000000000e+000  2.4673189823874754e+001  3.6876277429097732e+000 -1.6966854603351145e+000
  0.0000000000000000e+000  2.4735812133072407e+001  3.5845728780963384e+000 -1.5926855038631553e+000
  0.0000000000000000e+000  2.4798434442270057e+001  3.4885545579145272e+000 -1.4707947443336122e+000
  0.0000000000000000e+000  2.4861056751467711e+001  3.4005164132772978e+000 -1.3324676735526890e+000
  0.0000000000000000e+000  2.4923679060665361e+001  3.3215349759657893e+000 -1.1794140493564780e+000
  0.0000000000000000e+000  2.4986301369863014e+001  3.2525985233537797e+000 -1.0135257116414045e+000
  0.0000000000000000e+000  2.5048923679060664e+001  3.1945193498110100e+000 -8.3679384470840057e-001
  0.0000000000000000e+000  2.5111545988258317e+001  3.1479337667031504e+000 -6.5130897726282999e-001
  0.0000000000000000e+000  2.5174168297455967e+001  3.1133021023918284e+000 -4.5926098241456814e-001
  0.0000000000000000e+000  2.5236790606653621e+001  3.0909087022346071e+000 -2.6293907767791813e-001
  0.0000000000000000e+000  2.5299412915851271e+001  3.0808619285850010e+000 -6.4731824971698826e-002
  0.0000000000000000e+000  2.5362035225048924e+001  3.0830944136713168e+000  1.3287449249570205e-001
  0.0000000000000000e+000  2.5424657534246574e+001  3.0974762110999552e+000  3.2775609447037546e-001
  0.0000000000000000e+000  2.5487279843444227e+001  3.1238475549258387e+000  5.1771650382924972e-001
  0.0000000000000000e+000  2.5549902152641877e+001  3.1618806469584912e+000  7.0037858330036107e-001
  0.0000000000000000e+000  2.5612524461839531e+001  3.2111052214004463e+000  8.7356124146672254e-001
  0.0000000000000000e+000  2.5675146771037181e+001  3.2709085448472259e+000  1.0352794327662407e+000
  0.0000000000000000e+000  2.5737769080234834e+001  3.3405354162873646e+000  1.1837441574917944e+000
  0.0000000000000000e+000  2.5800391389432484e+001  3.4190881671023825e+000  1.3173624617911612e+000
  0.0000000000000000e+000  2.5863013698630137e+001  3.5055266610668157e+000  1.4347374376670847e+000
  0.0000000000000000e+000  2.5925636007827787e+001  3.5986721540747095e+000  1.5346687431016932e+000
  0.0000000000000000e+000  2.5988258317025441e+001  3.6974608621412521e+000  1.6161372603553930e+000
  0.0000000000000000e+000  2.6050880626223091e+001  3.8007470379582724e+000  1.6782061381766904e+000
  0.0000000000000000e+000  2.6113502935420744e+001  3.9072618158008869e+000  1.7201767960516345e+000
  0.0000000000000000e+000  2.6176125244618394e+001  4.0157368131306201e+000  1.7416375010790639e+000
  0.0000000000000000e+000  2.6238747553816047e+001  4.1249041305954517e+000  1.7424633679706258e+000
  0.0000000000000000e+000  2.6301369863013697e+001  4.2334963520297677e+000  1.7228163590507666e+000
  0.0000000000000000e+000  2.6363992172211351e+001  4.3402465444544083e+000  1.6831452842567312e+000
  0.0000000000000000e+000  2.6426614481409000e+001  4.4439476511538523e+000  1.6241231877921658e+000
  0.0000000000000000e+000  2.6489236790606654e+001  4.5434480123152303e+000  1.5464926997797108e+000
  0.0000000000000000e+000  2.6551859099804304e+001  4.6375119249793446e+000  1.4512440022789226e+000
  0.0000000000000000e+000  2.6614481409001957e+001  4.7250195459218460e+000  1.3395598095245453e+000
  0.0000000000000000e+000  2.6677103718199607e+001  4.8049742489297191e+000  1.2128108479680331e+000
  0.0000000000000000e+000  2.6739726027397261e+001  4.8765026248013168e+000  1.0725558562774997e+000
  0.0000000000000000e+000  2.6802348336594910e+001  4.9388544813463273e+000  9.2054158533777553e-001
  0.0000000000000000e+000  2.6864970645792564e+001  4.9914028433858046e+000  7.5870279825034415e-001
  0.0000000000000000e+000  2.6927592954990214e+001  5.0336418372014471e+000  5.8909608898162602e-001
  0.0000000000000000e+000  2.6990215264187867e+001  5.0651311266671311e+000  4.1360078042646209e-001
  0.0000000000000000e+000  2.7052837573385517e+001  5.0855093220202265e+000  2.3436887758914321e-001
  0.0000000000000000e+000  2.7115459882583171e+001  5.0945679740770693e+000  5.3563074756482032e-002
  0.0000000000000000e+000  2.7178082191780820e+001  5.0922551801609535e+000 -1.2669622033355443e-001
  0.0000000000000000e+000  2.7240704500978474e+001  5.0786755841021316e+000 -3.0433088649192674e-001
  0.0000000000000000e+000  2.7303326810176124e+001  5.0540903762378182e+000 -4.7730508907844227e-001
  0.0000000000000000e+000  2.7365949119373777e+001  5.0189162707622348e+000 -6.4362731440508680e-001
  0.0000000000000000e+000  2.7428571428571427e+001  4.9736259256102286e+000 -8.0147547056356461e-001
  0.0000000000000000e+000  2.7491193737769080e+001  4.9187821605840076e+000 -9.4899151862535258e-001
  0.0000000000000000e+000  2.7553816046966730e+001  4.8550797667408814e+000 -1.0844099156212934e+000
  0.0000000000000000e+000  2.7616438356164384e+001  4.7833059015998156e+000 -1.2061834861491059e+000
  0.0000000000000000e+000  2.7679060665362034e+001  4.7043400891414606e+000 -1.3129834223733248e+000
  0.0000000000000000e+000  2.7741682974559687e+001  4.6191542198081148e+000 -1.4036992840253544e+000
  0.0000000000000000e+000  2.7804305283757337e+001  4.5288125505037664e+000 -1.4774389984034202e+000
  0.0000000000000000e+000  2.7866927592954990e+001  4.4344182693586873e+000 -1.5335230011523755e+000
  0.0000000000000000e+000  2.7929549902152640e+001  4.3370527482611596e+000 -1.5713747894351375e+000
  0.0000000000000000e+000  2.7992172211350294e+001  4.2379227507401023e+000 -1.5905710735614662e+000
  0.0000000000000000e+000  2.8054794520547944e+001  4.1382176035457761e+000 -1.5909438407251637e+000
  0.0000000000000000e+000  2.8117416829745597e+001  4.0391017927161306e+000 -1.5725823779680912e+000
  0.0000000000000000e+000  2.8180039138943247e+001  3.9417149635768509e+000 -1.5358332721801708e+000
  0.0000000000000000e+000  2.8242661448140900e+001  3.8471719207413111e+000 -1.4813004100993754e+000
  0.0000000000000000e+000  2.8305283757338550e+001  3.7565587363184378e+000 -1.4098408138498717e+000
  0.0000000000000000e+000  2.8367906066536204e+001  3.6708255376704408e+000 -1.3223779074962843e+000
  0.0000000000000000e+000  2.8430528375733854e+001  3.5909962933656252e+000 -1.2199938531555878e+000
  0.0000000000000000e+000  2.8493150684931507e+001  3.5180529725103207e+000 -1.1039656326580853e+000
  0.0000000000000000e+000  2.8555772994129157e+001  3.4528476488207707e+000 -9.7570367823814785e-001
  0.0000000000000000e+000  2.8618395303326810e+001  3.3961025006230985e+000 -8.3675187253416217e-001
  0.0000000000000000e+000  2.8681017612524460e+001  3.3484098108533380e+000 -6.8878754858858782e-001
  0.0000000000000000e+000  2.8743639921722114e+001  3.3102319670574052e+000 -5.3362148984789526e-001
  0.0000000000000000e+000  2.8806262230919764e+001  3.2819014613911235e+000 -3.7319793016263203e-001
  0.0000000000000000e+000  2.8868884540117417e+001  3.2636378337227931e+000 -2.0949479606652446e-001
  0.0000000000000000e+000  2.8931506849315067e+001  3.2556331988974145e+000 -4.4299196772037197e-002
  0.0000000000000000e+000  2.8994129158512720e+001  3.2579624706635339e+000  1.2036382892662384e-001
  0.0000000000000000e+000  2.9056751467710370e+001  3.2705628814189698e+000  2.8252793518548469e-001
  0.0000000000000000e+000  2.9119373776908024e+001  3.2932362808929021e+000  4.4031472278964012e-001
  0.0000000000000000e+000  2.9181996086105674e+001  3.3256491361458669e+000  5.9193373915318093e-001
  0.0000000000000000e+000  2.9244618395303327e+001  3.3673325315697658e+000  7.3568247831926481e-001
  0.0000000000000000e+000  2.9307240704500977e+001  3.4176863971366829e+000  8.6995155737028940e-001
  0.0000000000000000e+000  2.9369863013698630e+001  3.4760931983219088e+000  9.9329994319983062e-001
  0.0000000000000000e+000  2.9432485322896280e+001  3.5418309881880115e+000  1.1042683126561048e+000
  0.0000000000000000e+000  2.9495107632093934e+001  3.6140814953247213e+000  1.2015484029954220e+000
  0.0000000000000000e+000  2.9557729941291583e+001  3.6919675101344658e+000  1.2840547266765703e+000
  0.0000000000000000e+000  2.9620352250489237e+001  3.7745528848324028e+000  1.3509245713608600e+000
  0.0000000000000000e+000  2.9682974559686887e+001  3.8608425334463847e+000  1.4015179999120870e+000
  0.0000000000000000e+000  2.9745596868884540e+001  3.9497824318169950e+000  1.4354178503965616e+000
  0.0000000000000000e+000  2.9808219178082190e+001  4.0403241482612504e+000  1.4524012009964682e+000
  0.0000000000000000e+000  2.9870841487279844e+001  4.1314288231667966e+000  1.4523253001682022e+000
  0.0000000000000000e+000  2.9933463796477493e+001  4.2219698068287359e+000  1.4352271049329588e+000
  0.0000000000000000e+000  2.9996086105675147e+001  4.3108691557017469e+000  1.4013635543688825e+000
  0.0000000000000000e+000  3.0058708414872797e+001  4.3971002076686139e+000  1.3512114191614013e+000
  0.0000000000000000e+000  3.0121330724070450e+001  4.4796875820402722e+000  1.2854673016032103e+000
  0.0000000000000000e+000  3.0183953033268100e+001  4.5577071795557682e+000  1.2050476355942952e+000
  0.0000000000000000e+000  3.0246575342465754e+001  4.6302874487286312e+000  1.1110871031562852e+000
  0.0000000000000000e+000  3.0309197651663403e+001  4.6967160235136616e+000  1.0047401677017311e+000
  0.0000000000000000e+000  3.0371819960861057e+001  4.7562192954785916e+000  8.8729218623395378e-001
  0.0000000000000000e+000  3.0434442270058707e+001  4.8080396492982818e+000  7.6020656677633291e-001
  0.0000000000000000e+000  3.0497064579256360e+001  4.8515554901975495e+000  6.2501453061537371e-001
  0.0000000000000000e+000  3.0559686888454010e+001  4.8862812439511432e+000  4.8331511230076385e-001
  0.0000000000000000e+000  3.0622309197651663e+001  4.9118673568837634e+000  3.3677515964531279e-001
  0.0000000000000000e+000  3.0684931506849313e+001  4.9281002958700482e+000  1.8712933372501639e-001
  0.0000000000000000e+000  3.0747553816046967e+001  4.9349025483345823e+000  3.6180108878989037e-002
  0.0000000000000000e+000  3.0810176125244617e+001  4.9323326222518915e+000 -1.1420222729046814e-001
  0.0000000000000000e+000  3.0872798434442270e+001  4.9205417514360406e+000 -2.6224369959685523e-001
  0.0000000000000000e+000  3.0935420743639920e+001  4.8996548700748335e+000 -4.0642819164991612e-001
  0.0000000000000000e+000  3.0998043052837573e+001  4.8699325650967751e+000 -5.4494994576151656e-001
  0.0000000000000000e+000  3.1060665362035223e+001  4.8317437391722668e+000 -6.7613542657547565e-001
  0.0000000000000000e+000  3.1123287671232877e+001  4.7855614855099251e+000 -7.9846696183017862e-001
  0.0000000000000000e+000  3.1185909980430527e+001  4.7319630878566015e+000 -9.1058274235851966e-001
  0.0000000000000000e+000  3.1248532289628180e+001  4.6716300204973606e+000 -1.0112768220879549e+000
  0.0000000000000000e+000  3.1311154598825830e+001  4.6053479482555026e+000 -1.0994991180404534e+000
  0.0000000000000000e+000  3.1373776908023483e+001  4.5340067264925388e+000 -1.1743554103325426e+000
  0.0000000000000000e+000  3.1436399217221133e+001  4.4584664101982776e+000 -1.2350971149647070e+000
  0.0000000000000000e+000  3.1499021526418787e+001  4.3795741306740048e+000 -1.2810395113809490e+000
  0.0000000000000000e+000  3.1561643835616437e+001  4.2983052755455287e+000 -1.3116603724991234e+000
  0.0000000000000000e+000  3.1624266144814090e+001  4.2156312760012780e+000 -1.3266554534013715e+000
  0.0000000000000000e+000  3.1686888454011740e+001  4.1325193999228231e+000 -1.3259385193616753e+000
  0.0000000000000000e+000  3.1749510763209393e+001  4.0499327518848363e+000 -1.3096413458458662e+000
  0.0000000000000000e+000  3.1812133072407043e+001  3.9688302731551310e+000 -1.2781137185116243e+000
  0.0000000000000000e+000  3.1874755381604697e+001  3.8901623442831132e+000 -1.2318922413693807e+000
  0.0000000000000000e+000  3.1937377690802347e+001  3.8148360100608407e+000 -1.1715410713385837e+000
  0.0000000000000000e+000  3.2000000000000000e+001  3.7437122771836076e+000 -1.0978404090009337e+000
