% o v
  0.0000000000000000e+000  0.0000000000000000e+000  1.5707963267948966e+000  1.0000000000000000e-002  1.0000000000000000e-002 -9.8000000000000007e+000
  0.0000000000000000e+000  1.2876680499595778e-003  1.5708010788392643e+000 -2.6191468886688964e-003 -2.6191468886688964e-003 -9.7999999998893497e+000
  0.0000000000000000e+000  2.5753360999191555e-003  1.5707895816113626e+000 -1.5238293778885031e-002 -1.5238293778885031e-002 -9.7999999997770626e+000
  0.0000000000000000e+000  3.8630041498787333e-003  1.5707618351111929e+000 -2.7857440666554684e-002 -2.7857440666554684e-002 -9.7999999941705873e+000
  0.0000000000000000e+000  5.1506721998383111e-003  1.5707178393387704e+000 -4.0476587535291507e-002 -4.0476587535291507e-002 -9.7999999698146247e+000
  0.0000000000000000e+000  1.1589012449636199e-002  1.5702541214488375e+000 -1.0357231639591499e-001 -1.0357231639591499e-001 -9.7999985594655126e+000
  0.0000000000000000e+000  1.8027352699434090e-002  1.5693841717587018e+000 -1.6666802291390415e-001 -1.6666802291390415e-001 -9.7999902285105787e+000
  0.0000000000000000e+000  2.4465692949231978e-002  1.5681079907010469e+000 -2.2976362734965705e-001 -2.2976362734965705e-001 -9.7999645869816554e+000
  0.0000000000000000e+000  3.0904033199029866e-002  1.5664255794969533e+000 -2.9285896675716377e-001 -2.9285896675716377e-001 -9.7999063933325008e+000
  0.0000000000000000e+000  5.6193256223090224e-002  1.5558859445534030e+000 -5.4067948243390440e-001 -5.4067948243390440e-001 -9.7989106546390392e+000
  0.0000000000000000e+000  8.1482479247150574e-002  1.5390792766869945e+000 -7.8844855499966682e-001 -7.8844855499966682e-001 -9.7950711539995918e+000
  0.0000000000000000e+000  1.0677170227121094e-001  1.5160084447748208e+000 -1.0360535680242300e+000 -1.0360535680242300e+000 -9.7852952899479231e+000
  0.0000000000000000e+000  1.3206092529527130e-001  1.4866803718346178e+000 -1.2832886251823961e+000 -1.2832886251823961e+000 -9.7653505174067021e+000
  0.0000000000000000e+000  1.5863632095050639e-001  1.4491324445577860e+000 -1.5423480140195411e+000 -1.5423480140195411e+000 -9.7275591314076078e+000
  0.0000000000000000e+000  1.8521171660574151e-001  1.4047149001541401e+000 -1.8000980479089201e+000 -1.8000980479089201e+000 -9.6651534869976299e+000
  0.0000000000000000e+000  2.1178711226097663e-001  1.3534731918545622e+000 -2.0557681331845297e+000 -2.0557681331845297e+000 -9.5694856097068008e+000
  0.0000000000000000e+000  2.3836250791621172e-001  1.2954765141604181e+000 -2.3083442683545932e+000 -2.3083442683545932e+000 -9.4309153818454465e+000
  0.0000000000000000e+000  2.6325383529346114e-001  1.2351145392936733e+000 -2.5409855848651275e+000 -2.5409855848651275e+000 -9.2530222065326342e+000
  0.0000000000000000e+000  2.8814516267071055e-001  1.1690216795240356e+000 -2.7685243596370097e+000 -2.7685243596370097e+000 -9.0196109450961934e+000
  0.0000000000000000e+000  3.1303649004795997e-001  1.0973439099816764e+000 -2.9894707727424352e+000 -2.9894707727424352e+000 -8.7219943718428379e+000
  0.0000000000000000e+000  3.3792781742520939e-001  1.0202667211745178e+000 -3.2021269182560190e+000 -3.2021269182560190e+000 -8.3520263273098010e+000
  0.0000000000000000e+000  3.6329346591051909e-001  9.3640235837914587e-001 -3.4083515232026484e+000 -3.4083515232026484e+000 -7.8932241226078093e+000
  0.0000000000000000e+000  3.8865911439582879e-001  8.4746392486173705e-001 -3.6018170832429721e+000 -3.6018170832429721e+000 -7.3461213960950573e+000
  0.0000000000000000e+000  4.1402476288113854e-001  7.5380449813624817e-001 -3.7802422448080559e+000 -3.7802422448080559e+000 -6.7072917857872607e+000
  0.0000000000000000e+000  4.3939041136644824e-001  6.5583471925315284e-001 -3.9413021033351421e+000 -3.9413021033351421e+000 -5.9762458334088358e+000
  0.0000000000000000e+000  4.5592105699264407e-001  5.8988922440005653e-001 -4.0358082060918186e+000 -4.0358082060918186e+000 -5.4514359211616714e+000
  0.0000000000000000e+000  4.7245170261883984e-001  5.2245501013270146e-001 -4.1213339991496545e+000 -4.1213339991496545e+000 -4.8902896035262602e+000
  0.0000000000000000e+000  4.8898234824503567e-001  4.5368540700998022e-001 -4.1972984298010427e+000 -4.1972984298010427e+000 -4.2951546503041831e+000
  0.0000000000000000e+000  5.0551299387123150e-001  3.8374271925616360e-001 -4.2631659306308425e+000 -4.2631659306308425e+000 -3.6690572251028528e+000
  0.0000000000000000e+000  5.2204363949742727e-001  3.1279775403099652e-001 -4.3184531794144467e+000 -4.3184531794144467e+000 -3.0156739745733079e+000
  0.0000000000000000e+000  5.3857428512362304e-001  2.4102947010214321e-001 -4.3627419785962838e+000 -4.3627419785962838e+000 -2.3392841442114820e+000
  0.0000000000000000e+000  5.5510493074981893e-001  1.6862257620160737e-001 -4.3956914858967169e+000 -4.3956914858967169e+000 -1.6446812866673732e+000
  0.0000000000000000e+000  5.7163557637601470e-001  9.5766376857155389e-002 -4.4170447579195864e+000 -4.4170447579195864e+000 -9.3707660647493940e-001
  0.0000000000000000e+000  5.8701301992992305e-001  2.7758712653614792e-002 -4.4263465970765337e+000 -4.4263465970765337e+000 -2.7200044938274320e-001
  0.0000000000000000e+000  6.0239046348383130e-001 -4.0313050596908012e-002 -4.4254008824411661e+000 -4.4254008824411661e+000  3.9496089763617848e-001
  0.0000000000000000e+000  6.1776790703773965e-001 -1.0829131979028575e-001 -4.4142137982518541e+000 -4.4142137982518541e+000  1.0591819253009704e+000
  0.0000000000000000e+000  6.3314535059164800e-001 -1.7601941064376830e-001 -4.3928628681235233e+000 -4.3928628681235233e+000  1.7160964991491467e+000
  0.0000000000000000e+000  6.4815882072735320e-001 -2.4175446090587613e-001 -4.3623516713032817e+000 -4.3623516713032817e+000  2.3461830553174114e+000
  0.0000000000000000e+000  6.6317229086305840e-001 -3.0696082129283453e-001 -4.3224898566663281e+000 -4.3224898566663281e+000  2.9611966173623272e+000
  0.0000000000000000e+000  6.7818576099876371e-001 -3.7149995058763141e-001 -4.2735302757774480e+000 -4.2735302757774480e+000  3.5575320020800358e+000
  0.0000000000000000e+000  6.9319923113446891e-001 -4.3523770482601687e-001 -4.2157776181334512e+000 -4.2157776181334512e+000  4.1319343770775081e+000
  0.0000000000000000e+000  7.0859309724582198e-001 -4.9962282829440585e-001 -4.1478005377867229e+000 -4.1478005377867229e+000  4.6951261509522144e+000
  0.0000000000000000e+000  7.2398696335717505e-001 -5.6289582729952659e-001 -4.0713725755603001e+000 -4.0713725755603001e+000  5.2296472232350570e+000
  0.0000000000000000e+000  7.3938082946852812e-001 -6.2493006707972076e-001 -3.9869506675407140e+000 -3.9869506675407140e+000  5.7333974732076873e+000
  0.0000000000000000e+000  7.5477469557988119e-001 -6.8560634448940472e-001 -3.8950202186288561e+000 -3.8950202186288561e+000  6.2047961070890274e+000
  0.0000000000000000e+000  7.7136006617990405e-001 -7.4933133546875363e-001 -3.7881549280932476e+000 -3.7881549280932476e+000  6.6752636621513810e+000
  0.0000000000000000e+000  7.8794543677992690e-001 -8.1122103093924958e-001 -3.6738150164999217e+000 -3.6738150164999217e+000  7.1062596249125161e+000
  0.0000000000000000e+000  8.0453080737994975e-001 -8.7115680822371577e-001 -3.5526549832645236e+000 -3.5526549832645236e+000  7.4977287877545686e+000
  0.0000000000000000e+000  8.2111617797997261e-001 -9.2903102072834232e-001 -3.4253254453978275e+000 -3.4253254453978275e+000  7.8501947039072109e+000
  0.0000000000000000e+000  8.4039344082086054e-001 -9.9358005135026051e-001 -3.2704239330046132e+000 -3.2704239330046132e+000  8.2122525561682966e+000
  0.0000000000000000e+000  8.5967070366174858e-001 -1.0550789846479116e+000 -3.1090201316896220e+000 -3.1090201316896220e+000  8.5254039875669996e+000
  0.0000000000000000e+000  8.7894796650263651e-001 -1.1134111288181490e+000 -2.9420272452559111e+000 -2.9420272452559111e+000  8.7926606398490872e+000
  0.0000000000000000e+000  8.9822522934352445e-001 -1.1684769244171138e+000 -2.7702956774854322e+000 -2.7702956774854322e+000  9.0175219351220139e+000
  0.0000000000000000e+000  9.1919783643634023e-001 -1.2245783887999204e+000 -2.5789920318437343e+000 -2.5789920318437343e+000  9.2184959509964912e+000
  0.0000000000000000e+000  9.4017044352915602e-001 -1.2766269185255879e+000 -2.3839065575521610e+000 -2.3839065575521610e+000  9.3790243240061653e+000
  0.0000000000000000e+000  9.6114305062197181e-001 -1.3245513367125763e+000 -2.1858323409843239e+000 -2.1858323409843239e+000  9.5043790111589548e+000
  0.0000000000000000e+000  9.8211565771478759e-001 -1.3682959997168187e+000 -1.9854527697295943e+000 -1.9854527697295943e+000  9.5997544101266357e+000
  0.0000000000000000e+000  1.0068866242333840e+000 -1.4145230481186943e+000 -1.7465944622102174e+000 -1.7465944622102174e+000  9.6805787781703980e+000
  0.0000000000000000e+000  1.0316575907519807e+000 -1.4548120735300696e+000 -1.5060831517797011e+000 -1.5060831517797011e+000  9.7341573608494230e+000
  0.0000000000000000e+000  1.0564285572705772e+000 -1.4891291832857796e+000 -1.2645102229814524e+000 -1.2645102229814524e+000  9.7673375002495479e+000
  0.0000000000000000e+000  1.0811995237891736e+000 -1.5174531977560395e+000 -1.0223091291481567e+000 -1.0223091291481567e+000  9.7860604077471329e+000
  0.0000000000000000e+000  1.1071387128004169e+000 -1.5406774588229672e+000 -7.6832905998098944e-001 -7.6832905998098944e-001  9.7955553195943939e+000
  0.0000000000000000e+000  1.1330779018116601e+000 -1.5573114680010296e+000 -5.1418307823380127e-001 -5.1418307823380127e-001  9.7991089905602085e+000
  0.0000000000000000e+000  1.1590170908229034e+000 -1.5673522728739153e+000 -2.5998538030313911e-001 -2.5998538030313911e-001  9.7999418786711381e+000
  0.0000000000000000e+000  1.1849562798341466e+000 -1.5707990536000993e+000 -5.7838553069733400e-003 -5.7838553069733400e-003  9.7999999999635676e+000
  0.0000000000000000e+000  1.2103896072095601e+000 -1.5677767276686072e+000  2.4346002858481960e-001  2.4346002858481960e-001  9.7999553219374196e+000
  0.0000000000000000e+000  1.2358229345849738e+000 -1.5584150790251696e+000  4.9270136199118175e-001  4.9270136199118175e-001  9.7992488626435161e+000
  0.0000000000000000e+000  1.2612562619603875e+000 -1.5427147780680637e+000  7.4189947084159569e-001  7.4189947084159569e-001  9.7961362443579851e+000
  0.0000000000000000e+000  1.2866895893358010e+000 -1.5206783200158023e+000  9.9095365239706024e-001  9.9095365239706024e-001  9.7876946844889243e+000
  0.0000000000000000e+000  1.3120208952635091e+000 -1.4924378639425380e+000  1.2386863505223162e+000  1.2386863505223162e+000  9.7699291524643037e+000
  0.0000000000000000e+000  1.3373522011912169e+000 -1.4579284216929451e+000  1.4858011164714648e+000  1.4858011164714648e+000  9.7376443351622139e+000
  0.0000000000000000e+000  1.3626835071189247e+000 -1.4171716025311016e+000  1.7318494966059346e+000  1.7318494966059346e+000  9.6845845332672962e+000
  0.0000000000000000e+000  1.3880148130466328e+000 -1.3702025766489896e+000  1.9762114024364605e+000  1.9762114024364605e+000  9.6034947624510831e+000
  0.0000000000000000e+000  1.4137510964491569e+000 -1.3161742674875441e+000  2.2219221495842527e+000  2.2219221495842527e+000  9.4840338917304070e+000
  0.0000000000000000e+000  1.4394873798516810e+000 -1.2558657601658492e+000  2.4639799989418982e+000  2.4639799989418982e+000  9.3180153045963632e+000
  0.0000000000000000e+000  1.4652236632542053e+000 -1.1893885494628600e+000  2.7010621294114445e+000  2.7010621294114445e+000  9.0957871124754934e+000
  0.0000000000000000e+000  1.4909599466567294e+000 -1.1168912964031406e+000  2.9315976911580659e+000  2.9315976911580659e+000  8.8076685372179853e+000
  0.0000000000000000e+000  1.5153670116684528e+000 -1.0427484341962707e+000  3.1425367009425558e+000  3.1425367009425558e+000  8.4651643567989190e+000
  0.0000000000000000e+000  1.5397740766801764e+000 -9.6356611748428567e-001  3.3442122724479009e+000  3.3442122724479009e+000  8.0480696281822812e+000
  0.0000000000000000e+000  1.5641811416918998e+000 -8.7959390827088157e-001  3.5347358328864908e+000  3.5347358328864908e+000  7.5507047207386515e+000
  0.0000000000000000e+000  1.5885882067036232e+000 -7.9112835982601282e-001  3.7121062737584740e+000  3.7121062737584740e+000  6.9692407060125046e+000
  0.0000000000000000e+000  1.6060344084951237e+000 -7.2532863538650283e-001  3.8296749130586276e+000  3.8296749130586276e+000  6.5011376244111894e+000
  0.0000000000000000e+000  1.6234806102866242e+000 -6.5755134568238327e-001  3.9386944927971106e+000  3.9386944927971106e+000  5.9895698596434581e+000
  0.0000000000000000e+000  1.6409268120781246e+000 -5.8795226346433149e-001  4.0384167939323650e+000  4.0384167939323650e+000  5.4356514384050705e+000
  0.0000000000000000e+000  1.6583730138696251e+000 -5.1669971174904705e-001  4.1281215295955125e+000  4.1281215295955125e+000  4.8413311594534196e+000
  0.0000000000000000e+000  1.6758192156611256e+000 -4.4397421744018567e-001  4.2071258718219253e+000  4.2071258718219253e+000  4.2094113627983649e+000
  0.0000000000000000e+000  1.6932654174526260e+000 -3.6996860869475012e-001  4.2748015467566480e+000  4.2748015467566480e+000  3.5435444151820765e+000
  0.0000000000000000e+000  1.7107116192441265e+000 -2.9488545594482624e-001  4.3305951168175119e+000  4.3305951168175119e+000  2.8481764717481513e+000
  0.0000000000000000e+000  1.7281578210356270e+000 -2.1893584007029376e-001  4.3740385697459399e+000  4.3740385697459399e+000  2.1284716897522462e+000
  0.0000000000000000e+000  1.7440038269678393e+000 -1.4938526022158211e-001  4.4024761517460282e+000  4.4024761517460282e+000  1.4585366201458305e+000
  0.0000000000000000e+000  1.7598498329000516e+000 -7.9468878694687800e-002  4.4202069765673322e+000  4.4202069765673322e+000  7.7797554897130961e-001
  0.0000000000000000e+000  1.7756958388322637e+000 -9.3574503451341606e-003  4.4271012748498100e+000  4.4271012748498100e+000  9.1701675106844752e-002
  0.0000000000000000e+000  1.7915418447644760e+000  6.0777148373665990e-002  4.4231089936885111e+000  4.4231089936885111e+000 -5.9524943455250345e-001
  0.0000000000000000e+000  1.8066132860579893e+000  1.2734768410914016e-001  4.4092363524208205e+000  4.4092363524208205e+000 -1.2446367927493922e+000
  0.0000000000000000e+000  1.8216847273515027e+000  1.9363550454971831e-001  4.3856337364769429e+000  4.3856337364769429e+000 -1.8857916551604093e+000
  0.0000000000000000e+000  1.8367561686450160e+000  2.5949507481233702e-001  4.3524557042323817e+000  4.3524557042323817e+000 -2.5146071321054149e+000
  0.0000000000000000e+000  1.8518276099385294e+000  3.2478387690212118e-001  4.3099173438096665e+000  4.3099173438096665e+000 -3.1272188980675626e+000
  0.0000000000000000e+000  1.8669705171037461e+000  3.8966715174457833e-001  4.2580247686758730e+000  4.2580247686758730e+000 -3.7228292890766519e+000
  0.0000000000000000e+000  1.8821134242689626e+000  4.5369709123729274e-001  4.1972856191365935e+000  4.1972856191365935e+000 -4.2952575718366788e+000
  0.0000000000000000e+000  1.8972563314341793e+000  5.1674249109749226e-001  4.1280716456048907e+000  4.1280716456048907e+000 -4.8416956629694727e+000
  0.0000000000000000e+000  1.9123992385993960e+000  5.7867826515974752e-001  4.0507938558220378e+000  4.0507938558220378e+000 -5.3597951906078585e+000
  0.0000000000000000e+000  1.9283505231479134e+000  6.4258969616225436e-001  3.9611598257283593e+000  3.9611598257283593e+000 -5.8728520837835791e+000
  0.0000000000000000e+000  1.9443018076964309e+000  7.0500751967878672e-001  3.8636215961674392e+000  3.8636215961674392e+000 -6.3507876545968465e+000
  0.0000000000000000e+000  1.9602530922449481e+000  7.6581011223902451e-001  3.7587468844260705e+000  3.7587468844260705e+000 -6.7925874848800900e+000
  0.0000000000000000e+000  1.9762043767934656e+000  8.2488516296112124e-001  3.6471151155618426e+000  3.6471151155618426e+000 -7.1978045685205263e+000
  0.0000000000000000e+000  1.9940336886978467e+000  8.8874437567575104e-001  3.5150623146770119e+000  3.5150623146770119e+000 -7.6075521351887971e+000
  0.0000000000000000e+000  2.0118630006022276e+000  9.5018652140740112e-001  3.3761062872586227e+000  3.3761062872586227e+000 -7.9725350724803867e+000
  0.0000000000000000e+000  2.0296923125066089e+000  1.0090954045754750e+000  3.2310313643397692e+000  3.2310313643397692e+000 -8.2942337184177202e+000
  0.0000000000000000e+000  2.0475216244109897e+000  1.0653686751969105e+000  3.0805905119078787e+000  3.0805905119078787e+000 -8.5746814351142593e+000
  0.0000000000000000e+000  2.0676837880160712e+000  1.1257179341053778e+000  2.9048983288725898e+000  2.9048983288725898e+000 -8.8452537951431243e+000
  0.0000000000000000e+000  2.0878459516211532e+000  1.1824732926313113e+000  2.7242171808354643e+000  2.7242171808354643e+000 -9.0703441558063567e+000
  0.0000000000000000e+000  2.1080081152262347e+000  1.2355427875775562e+000  2.5394190071339251e+000  2.5394190071339251e+000 -9.2544038493314211e+000
  0.0000000000000000e+000  2.1281702788313162e+000  1.2848511949443044e+000  2.3512840505760253e+000  2.3512840505760253e+000 -9.4020758334995485e+000
  0.0000000000000000e+000  2.1508333823655574e+000  1.3357120685487962e+000  2.1366805479433468e+000  2.1366805479433468e+000 -9.5304482456015212e+000
  0.0000000000000000e+000  2.1734964858997983e+000  1.3816798439263713e+000  1.9195583639433913e+000  1.9195583639433913e+000 -9.6252729764949407e+000
  0.0000000000000000e+000  2.1961595894340391e+000  1.4227050519126363e+000  1.7006083388698761e+000  1.7006083388698761e+000 -9.6927342266099910e+000
  0.0000000000000000e+000  2.2188226929682804e+000  1.4587523798226780e+000  1.4803866578175504e+000  1.4803866578175504e+000 -9.7385504803622620e+000
  0.0000000000000000e+000  2.2439126775877654e+000  1.4928260641005977e+000  1.2356158582325663e+000  1.2356158582325663e+000 -9.7702262152504371e+000
  0.0000000000000000e+000  2.2690026622072508e+000  1.5207504939205065e+000  9.9023559191737087e-001  9.9023559191737087e-001 -9.7877300928382702e+000
  0.0000000000000000e+000  2.2940926468267362e+000  1.5425138702224985e+000  7.4454000970711176e-001  7.4454000970711176e-001 -9.7960807642454366e+000
  0.0000000000000000e+000  2.3191826314462212e+000  1.5581103939923626e+000  4.9871152574440625e-001  4.9871152574440625e-001 -9.7992114394092855e+000
  0.0000000000000000e+000  2.3472703666062134e+000  1.5682526139655091e+000  2.2346370807264332e-001  2.2346370807264332e-001 -9.7999682946897995e+000
  0.0000000000000000e+000  2.3753581017662055e+000  1.5706634604543681e+000 -5.1799336930710371e-002 -5.1799336930710371e-002 -9.7999999134980254e+000
  0.0000000000000000e+000  2.4034458369261982e+000  1.5653427167533978e+000 -3.2706218615982663e-001 -3.2706218615982663e-001 -9.7998542652350284e+000
  0.0000000000000000e+000  2.4315335720861904e+000  1.5522907950521163e+000 -6.0229904564405035e-001 -6.0229904564405035e-001 -9.7983220198319305e+000
  0.0000000000000000e+000  2.4567634481083180e+000  1.5339769984008380e+000 -8.4945497862042074e-001 -8.4945497862042074e-001 -9.7933580019874711e+000
  0.0000000000000000e+000  2.4819933241304462e+000  1.5094291643474376e+000 -1.0964118241108878e+000 -1.0964118241108878e+000 -9.7815527400740336e+000
  0.0000000000000000e+000  2.5072232001525743e+000  1.4786554256387019e+000 -1.3429389629957416e+000 -1.3429389629957416e+000 -9.7584286902399526e+000
  0.0000000000000000e+000  2.5324530761747019e+000  1.4416713678823132e+000 -1.5886783917319887e+000 -1.5886783917319887e+000 -9.7184145029785363e+000
  0.0000000000000000e+000  2.5597553174888477e+000  1.3946831220003022e+000 -1.8531287551646267e+000 -1.8531287551646267e+000 -9.6484146856699660e+000
  0.0000000000000000e+000  2.5870575588029938e+000  1.3405039098284983e+000 -2.1151872950740795e+000 -2.1151872950740795e+000 -9.5412769510485766e+000
  0.0000000000000000e+000  2.6143598001171395e+000  1.2792154228420434e+000 -2.3736933419808586e+000 -2.3736933419808586e+000 -9.3863480294426545e+000
  0.0000000000000000e+000  2.6416620414312852e+000  1.2109351468210099e+000 -2.6271857760715949e+000 -2.6271857760715949e+000 -9.1722680303064230e+000
  0.0000000000000000e+000  2.6660536455396322e+000  1.1441488834738409e+000 -2.8479797380494607e+000 -2.8479797380494607e+000 -8.9215105739569989e+000
  0.0000000000000000e+000  2.6904452496479792e+000  1.0720573583146145e+000 -3.0618821719600589e+000 -3.0618821719600589e+000 -8.6062270598606663e+000
  0.0000000000000000e+000  2.7148368537563257e+000  9.9484935787720552e-001 -3.2672298875918617e+000 -3.2672298875918617e+000 -8.2190339294998029e+000
  0.0000000000000000e+000  2.7392284578646726e+000  9.1275595578549740e-001 -3.4621956895471251e+000 -3.4621956895471251e+000 -7.7536835153507981e+000
  0.0000000000000000e+000  2.7582019186252369e+000  8.4569473419100660e-001 -3.6054170316772560e+000 -3.6054170316772560e+000 -7.3346340747833096e+000
  0.0000000000000000e+000  2.7771753793858007e+000  7.7599466521833538e-001 -3.7401981741641190e+000 -3.7401981741641190e+000 -6.8641781207115562e+000
  0.0000000000000000e+000  2.7961488401463646e+000  7.0382530838726065e-001 -3.8655609213849034e+000 -3.8655609213849034e+000 -6.3419594944976296e+000
  0.0000000000000000e+000  2.8151223009069288e+000  6.2937444719973246e-001 -3.9805317449800648e+000 -3.9805317449800648e+000 -5.7686639525707140e+000
  0.0000000000000000e+000  2.8340957616674931e+000  5.5284792811276873e-001 -4.0841556430711181e+000 -4.0841556430711181e+000 -5.1461077383453366e+000
  0.0000000000000000e+000  2.8530692224280569e+000  4.7447052229566272e-001 -4.1755195765029347e+000 -4.1755195765029347e+000 -4.4773017197706881e+000
  0.0000000000000000e+000  2.8720426831886208e+000  3.9448293271103541e-001 -4.2537860784376234e+000 -4.2537860784376234e+000 -3.7664426833622042e+000
  0.0000000000000000e+000  2.8910161439491850e+000  3.1314034819567704e-001 -4.3182105046895156e+000 -4.3182105046895156e+000 -3.0188683059889163e+000
  0.0000000000000000e+000  2.9074448040812531e+000  2.4182029240288250e-001 -4.3623148276735524e+000 -4.3623148276735524e+000 -2.3468094376191626e+000
  0.0000000000000000e+000  2.9238734642133211e+000  1.6986747274582353e-001 -4.3952222853727596e+000 -4.3952222853727596e+000 -1.6567069612397192e+000
  0.0000000000000000e+000  2.9403021243453891e+000  9.7468009190535942e-002 -4.4166782000504661e+000 -4.4166782000504661e+000 -9.5367482763707756e-001
  0.0000000000000000e+000  2.9567307844774571e+000  2.4811137256199323e-002 -4.4265155006299963e+000 -4.4265155006299963e+000 -2.4312419907894878e-001
  0.0000000000000000e+000  2.9719424842607030e+000 -4.2526537737935480e-002 -4.4251951212864551e+000 -4.4251951212864551e+000  4.1663446231398138e-001
  0.0000000000000000e+000  2.9871541840439488e+000 -1.0976769004989020e-001 -4.4138547941132291e+000 -4.4138547941132291e+000  1.0735644414576178e+000
  0.0000000000000000e+000  3.0023658838271947e+000 -1.7676042202428693e-001 -4.3925707378107015e+000 -4.3925707378107015e+000  1.7232457317329384e+000
  0.0000000000000000e+000  3.0175775836104406e+000 -2.4335475161360631e-001 -4.3614858449925711e+000 -4.3614858449925711e+000  2.3614068275218552e+000
  0.0000000000000000e+000  3.0326212037318889e+000 -3.0867681996937435e-001 -4.3213079072416818e+000 -4.3213079072416818e+000  2.9772229577986584e+000
  0.0000000000000000e+000  3.0476648238533377e+000 -3.7332534596685563e-001 -4.2720041367402004e+000 -4.2720041367402004e+000  3.5741946311570238e+000
  0.0000000000000000e+000  3.0627084439747860e+000 -4.3716530258446229e-001 -4.2138820557134355e+000 -4.2138820557134355e+000  4.1490559878058635e+000
  0.0000000000000000e+000  3.0777520640962344e+000 -5.0006684004291335e-001 -4.1472955595797956e+000 -4.1472955595797956e+000  4.6989451128553110e+000
  0.0000000000000000e+000  3.0933621126476032e+000 -5.6421159847158997e-001 -4.0696770330965393e+000 -4.0696770330965393e+000  5.2405477924093935e+000
  0.0000000000000000e+000  3.1089721611989720e+000 -6.2707995150338391e-001 -3.9838500858696237e+000 -3.9838500858696237e+000  5.7504711465969081e+000
  0.0000000000000000e+000  3.1245822097503408e+000 -6.8854765644091609e-001 -3.8903213977582380e+000 -3.8903213977582380e+000  6.2270806916681591e+000
  0.0000000000000000e+000  3.1401922583017097e+000 -7.4849871799777401e-001 -3.7896190027290078e+000 -3.7896190027290078e+000  6.6692873053205979e+000
  0.0000000000000000e+000  3.1572677365294783e+000 -8.1221394530801105e-001 -3.6718892596705093e+000 -3.6718892596705093e+000  7.1129567168048915e+000
  0.0000000000000000e+000  3.1743432147572470e+000 -8.7385627512699804e-001 -3.5469431545112666e+000 -3.5469431545112666e+000  7.5147367880473626e+000
  0.0000000000000000e+000  3.1914186929850157e+000 -9.3330845263136131e-001 -3.4154903378063270e+000 -3.4154903378063270e+000  7.8752158637229792e+000
  0.0000000000000000e+000  3.2084941712127844e+000 -9.9046536036612609e-001 -3.2782254935252393e+000 -3.2782254935252393e+000  8.1955560204909581e+000
  0.0000000000000000e+000  3.2282206970284517e+000 -1.0535169763777839e+000 -3.1132941987555163e+000 -3.1132941987555163e+000  8.5178444692185806e+000
  0.0000000000000000e+000  3.2479472228441191e+000 -1.1132557719285074e+000 -2.9424870232078422e+000 -2.9424870232078422e+000  8.7919881933699173e+000
  0.0000000000000000e+000  3.2676737486597860e+000 -1.1695746777375475e+000 -2.7667163792584177e+000 -2.7667163792584177e+000  9.0217288277737424e+000
  0.0000000000000000e+000  3.2874002744754534e+000 -1.2223839711412428e+000 -2.5868172012432211e+000 -2.5868172012432211e+000  9.2111760991631098e+000
  0.0000000000000000e+000  3.3090303030971695e+000 -1.2761681846569357e+000 -2.3857056317240559e+000 -2.3857056317240559e+000  9.3777198626382479e+000
  0.0000000000000000e+000  3.3306603317188856e+000 -1.3255668051601526e+000 -2.1814065467948387e+000 -2.1814065467948387e+000  9.5067999494552780e+000
  0.0000000000000000e+000  3.3522903603406018e+000 -1.3705187953582523e+000 -1.9746690121737736e+000 -1.9746690121737736e+000  9.6041117505072116e+000
  0.0000000000000000e+000  3.3739203889623179e+000 -1.4109780545813089e+000 -1.7661216112717142e+000 -1.7661216112717142e+000  9.6751109522652801e+000
  0.0000000000000000e+000  3.3989103783488281e+000 -1.4520856648370892e+000 -1.5235927624323344e+000 -1.5235927624323344e+000  9.7310291689342332e+000
  0.0000000000000000e+000  3.4239003677353383e+000 -1.4871178944361589e+000 -1.2799419201310174e+000 -1.2799419201310174e+000  9.7657098233479402e+000
  0.0000000000000000e+000  3.4488903571218485e+000 -1.5160521470960868e+000 -1.0356242111678866e+000 -1.0356242111678866e+000  9.7853187335708878e+000
  0.0000000000000000e+000  3.4738803465083588e+000 -1.5388754592105440e+000 -7.9095386968459136e-001 -7.9095386968459136e-001  9.7950076091766132e+000
  0.0000000000000000e+000  3.5005907647407275e+000 -1.5565074247766955e+000 -5.2926474381570188e-001 -5.2926474381570188e-001  9.7989995706895314e+000
  0.0000000000000000e+000  3.5273011829730967e+000 -1.5671486806136770e+000 -2.6751045738969847e-001 -2.6751045738969847e-001  9.7999348039912384e+000
  0.0000000000000000e+000  3.5540116012054654e+000 -1.5707981282852719e+000 -5.7455983766278029e-003 -5.7455983766278029e-003  9.7999999999840988e+000
  0.0000000000000000e+000  3.5807220194378342e+000 -1.5674556518494447e+000  2.5601364433340212e-001  2.5601364433340212e-001  9.7999453155163110e+000
  0.0000000000000000e+000  3.6059175215968571e+000 -1.5578949416037555e+000  5.0291910946975316e-001  5.0291910946975316e-001  9.7991844271872139e+000
  0.0000000000000000e+000  3.6311130237558800e+000 -1.5421133892515912e+000  7.4978366305377608e-001  7.4978366305377608e-001  9.7959689929342044e+000
  0.0000000000000000e+000  3.6563085259149033e+000 -1.5201134159576617e+000  9.9650757002987755e-001  9.9650757002987755e-001  9.7874157826532819e+000
  0.0000000000000000e+000  3.6815040280739262e+000 -1.4919010836506521e+000  1.2429036254967911e+000  1.2429036254967911e+000  9.7695159661267166e+000
  0.0000000000000000e+000  3.7079218690861491e+000 -1.4556611203305028e+000  1.5005788952272430e+000  1.5005788952272430e+000  9.7351167552540083e+000
  0.0000000000000000e+000  3.7343397100983715e+000 -1.4126274214715915e+000  1.7570621907110180e+000  1.7570621907110180e+000  9.6776700779426967e+000
  0.0000000000000000e+000  3.7607575511105944e+000 -1.3628413867231313e+000  2.0116332669681496e+000  2.0116332669681496e+000  9.5888607857637442e+000
  0.0000000000000000e+000  3.7871753921228173e+000 -1.3063665545511116e+000  2.2633385015558067e+000  2.2633385015558067e+000  9.4593685806489951e+000
  0.0000000000000000e+000  3.8121626360534031e+000 -1.2468755604885446e+000  2.4976952416690801e+000  2.4976952416690801e+000  9.2903488759720236e+000
  0.0000000000000000e+000  3.8371498799839889e+000 -1.1815860418603668e+000  2.7271674954863596e+000  2.7271674954863596e+000  9.0670483169683536e+000
  0.0000000000000000e+000  3.8621371239145752e+000 -1.1106387998927785e+000  2.9502886551094010e+000  2.9502886551094010e+000  8.7806290158541156e+000
  0.0000000000000000e+000  3.8871243678451610e+000 -1.0342138086046546e+000  3.1653783678713800e+000  3.1653783678713800e+000  8.4227150528630546e+000
  0.0000000000000000e+000  3.9122677857632411e+000 -9.5200687846642218e-001  3.3718063305521535e+000  3.3718063305521535e+000  7.9828960856783908e+000
  0.0000000000000000e+000  3.9374112036813216e+000 -8.6475753329013705e-001  3.5660960939608017e+000  3.5660960939608017e+000  7.4571920827322176e+000
  0.0000000000000000e+000  3.9625546215994016e+000 -7.7279918029385541e-001  3.7460421041969649e+000  3.7460421041969649e+000  6.8417922874832966e+000
  0.0000000000000000e+000  3.9876980395174817e+000 -6.7652060386516721e-001  3.9093829397776854e+000  3.9093829397776854e+000  6.1356206502627391e+000
  0.0000000000000000e+000  4.0043579438128081e+000 -6.1056249100385962e-001  4.0073497617184062e+000  4.0073497617184062e+000  5.6186184580429712e+000
  0.0000000000000000e+000  4.0210178481081336e+000 -5.4304590467982472e-001  4.0963865746724890e+000  4.0963865746724890e+000  5.0641117951355996e+000
  0.0000000000000000e+000  4.0376777524034591e+000 -4.7412474931742810e-001  4.1758870009503504e+000  4.1758870009503504e+000  4.4742871968070261e+000
  0.0000000000000000e+000  4.0543376566987854e+000 -4.0396241324233662e-001  4.2452880537092144e+000  4.2452880537092144e+000  3.8520360196872043e+000
  0.0000000000000000e+000  4.0709975609941118e+000 -3.3273131030286018e-001  4.3040773107499009e+000  4.3040773107499009e+000  3.2009323665929763e+000
  0.0000000000000000e+000  4.0876574652894373e+000 -2.6061258131328779e-001  4.3518064575956581e+000  4.3518064575956581e+000  2.5251904614036129e+000
  0.0000000000000000e+000  4.1043173695847628e+000 -1.8779365872755163e-001  4.3881046254066929e+000  4.3881046254066929e+000  1.8295796457213980e+000
  0.0000000000000000e+000  4.1209772738800892e+000 -1.1446709600401095e-001  4.4126854963888551e+000  4.4126854963888551e+000  1.1193294231379392e+000
  0.0000000000000000e+000  4.1364119980981346e+000 -4.6251392709769260e-002  4.4248278278622415e+000  4.4248278278622415e+000  4.5310206289548866e-001
  0.0000000000000000e+000  4.1518467223161792e+000  2.2072004332305134e-002  4.4266566966059848e+000  4.4266566966059848e+000 -2.1628807982607806e-001
  0.0000000000000000e+000  4.1672814465342247e+000  9.0343748110552097e-002  4.4181589932342442e+000  4.4181589932342442e+000 -8.8416482736266155e-001
  0.0000000000000000e+000  4.1827161707522702e+000  1.5840511982144667e-001  4.3993942167117792e+000  4.3993942167117792e+000 -1.5458862552287087e+000
  0.0000000000000000e+000  4.1977294709102413e+000  2.2425655418121182e-001  4.3714148476563732e+000  4.3714148476563732e+000 -2.1793396205990718e+000
  0.0000000000000000e+000  4.2127427710682115e+000  2.8961689478582103e-001  4.3340266789522177e+000  4.3340266789522177e+000 -2.7987339398602225e+000
  0.0000000000000000e+000  4.2277560712261817e+000  3.5434661893597763e-001  4.2874679662814081e+000  4.2874679662814081e+000 -3.4003809761199784e+000
  0.0000000000000000e+000  4.2427693713841528e+000  4.1831039506107320e-001  4.2320301800840321e+000  4.2320301800840321e+000 -3.9809276993680101e+000
  0.0000000000000000e+000  4.2581155643902013e+000  4.8276470461388343e-001  4.1665412082886055e+000  4.1665412082886055e+000 -4.5494509281738962e+000
  0.0000000000000000e+000  4.2734617573962499e+000  5.4614805431699542e-001  4.0925393210930565e+000  4.0925393210930565e+000 -5.0901149159725856e+000
  0.0000000000000000e+000  4.2888079504022985e+000  6.0833315055995651e-001  4.0104684729283830e+000  4.0104684729283830e+000 -5.6007042636857225e+000
  0.0000000000000000e+000  4.3041541434083470e+000  6.6919992502504622e-001  3.9208028403559507e+000  3.9208028403559507e+000 -6.0795149880599286e+000
  0.0000000000000000e+000  4.3206273733233242e+000  7.3294135046128983e-001  3.8166689550596975e+000  3.8166689550596975e+000 -6.5567739486807657e+000
  0.0000000000000000e+000  4.3371006032383015e+000  7.9490434788061193e-001  3.7049935782895647e+000  3.7049935782895647e+000 -6.9952068558845770e+000
  0.0000000000000000e+000  4.3535738331532796e+000  8.5496988329129175e-001  3.5864174408832366e+000  3.5864174408832366e+000 -7.3946012959766501e+000
  0.0000000000000000e+000  4.3700470630682569e+000  9.1302962192953485e-001  3.4615800159041896e+000  3.4615800159041896e+000 -7.7553234053383644e+000
  0.0000000000000000e+000  4.3890590772212112e+000  9.7741658488119043e-001  3.3105448768097281e+000  3.3105448768097281e+000 -8.1247446863681390e+000
  0.0000000000000000e+000  4.4080710913741648e+000  1.0388684047828327e+000  3.1529500388787253e+000  3.1529500388787253e+000 -8.4459422201036922e+000
  0.0000000000000000e+000  4.4270831055271191e+000  1.0972686913285772e+000  2.9896857047832208e+000  2.9896857047832208e+000 -8.7216582383250074e+000
  0.0000000000000000e+000  4.4460951196800735e+000  1.1525175720288332e+000  2.8215851287587270e+000  2.8215851287587270e+000 -8.9551365424287201e+000
  0.0000000000000000e+000  4.4669235293708889e+000  1.2093279916995903e+000  2.6327843011066401e+000  2.6327843011066401e+000 -9.1667098717672548e+000
  0.0000000000000000e+000  4.4877519390617042e+000  1.2621635085648240e+000  2.4400160503518364e+000  2.4400160503518364e+000 -9.3369475531177883e+000
  0.0000000000000000e+000  4.5085803487525196e+000  1.3109497187216512e+000  2.2440876761788480e+000  2.2440876761788480e+000 -9.4710081282948124e+000
  0.0000000000000000e+000  4.5294087584433349e+000  1.3556279732002261e+000  2.0456994244202527e+000  2.0456994244202527e+000 -9.5740165330426841e+000
  0.0000000000000000e+000  4.5537756958690885e+000  1.4026233968896316e+000  1.8112779629232938e+000  1.8112779629232938e+000 -9.6617438512204448e+000
  0.0000000000000000e+000  4.5781426332948412e+000  1.4438841513349687e+000  1.5750749642824469e+000  1.5750749642824469e+000 -9.7211830439697362e+000
  0.0000000000000000e+000  4.6025095707205939e+000  1.4793739777804360e+000  1.3376987580435893e+000  1.3376987580435893e+000 -9.7590740920610202e+000
  0.0000000000000000e+000  4.6268765081463474e+000  1.5090695862412553e+000  1.0996038552088658e+000  1.0996038552088658e+000 -9.7813359938004663e+000
  0.0000000000000000e+000  4.6526227880710769e+000  1.5341367185058461e+000  8.4759811007564478e-001  8.4759811007564478e-001 -9.7934154957623658e+000
  0.0000000000000000e+000  4.6783690679958063e+000  1.5527127732597528e+000  5.9537682529010050e-001  5.9537682529010050e-001 -9.7983976706147349e+000
  0.0000000000000000e+000  4.7041153479205349e+000  1.5647938473008676e+000  3.4307893166310199e-001  3.4307893166310199e-001 -9.7998234547057024e+000
  0.0000000000000000e+000  4.7298616278452643e+000  1.5703786825872608e+000  9.0768757995274285e-002  9.0768757995274285e-002 -9.7999991453092612e+000
  0.0000000000000000e+000  4.7557624503564027e+000  1.5694426428451536e+000 -1.6305652828182660e-001 -1.6305652828182660e-001 -9.7999910209462158e+000
  0.0000000000000000e+000  4.7816632728675401e+000  1.5619320751010755e+000 -4.1688359527971941e-001 -4.1688359527971941e-001 -9.7996149852264054e+000
  0.0000000000000000e+000  4.8075640953786785e+000  1.5478474031994798e+000 -6.7068229475296104e-001 -6.7068229475296104e-001 -9.7974195130932458e+000
  0.0000000000000000e+000  4.8334649178898168e+000  1.5271905711847045e+000 -9.2436771057441969e-001 -9.2436771057441969e-001 -9.7906843128396073e+000
  0.0000000000000000e+000  4.8587941262441259e+000  1.5006380294445860e+000 -1.1721903564933855e+000 -1.1721903564933855e+000 -9.7758911766782575e+000
  0.0000000000000000e+000  4.8841233345984341e+000  1.4678136609578991e+000 -1.4194888847886484e+000 -1.4194888847886484e+000 -9.7480793067453373e+000
  0.0000000000000000e+000  4.9094525429527422e+000  1.4287361577028017e+000 -1.6658564764498194e+000 -1.6658564764498194e+000 -9.7012788436730517e+000
  0.0000000000000000e+000  4.9347817513070513e+000  1.3834366301762027e+000 -1.9107215744778507e+000 -1.9107215744778507e+000 -9.6284946731509962e+000
  0.0000000000000000e+000  4.9607403412370452e+000  1.3306046185203351e+000 -2.1593247659964550e+000 -2.1593247659964550e+000 -9.5186653969374877e+000
  0.0000000000000000e+000  4.9866989311670400e+000  1.2713599929523545e+000 -2.4045156496618452e+000 -2.4045156496618452e+000 -9.3639285384976390e+000
  0.0000000000000000e+000  5.0126575210970348e+000  1.2058085967132957e+000 -2.6450003936906108e+000 -2.6450003936906108e+000 -9.1544557801641080e+000
  0.0000000000000000e+000  5.0386161110270287e+000  1.1340931298553729e+000 -2.8792288595818416e+000 -2.8792288595818416e+000 -8.8802796273267308e+000
  0.0000000000000000e+000  5.0629636144883285e+000  1.0613893537062111e+000 -3.0916349869214885e+000 -3.0916349869214885e+000 -8.5557317928168768e+000
  0.0000000000000000e+000  5.0873111179496275e+000  9.8361686640039081e-001 -3.2952625504471484e+000 -3.2952625504471484e+000 -8.1585647786947089e+000
  0.0000000000000000e+000  5.1116586214109265e+000  9.0101222028074501e-001 -3.4882714368608130e+000 -3.4882714368608130e+000 -7.6827660015340440e+000
  0.0000000000000000e+000  5.1360061248722264e+000  8.1385782702873466e-001 -3.6686991295990685e+000 -3.6686991295990685e+000 -7.1240290887358269e+000
  0.0000000000000000e+000  5.1535823194714698e+000  7.4829844495401709e-001 -3.7899702162871516e+000 -3.7899702162871516e+000 -6.6678490966729695e+000
  0.0000000000000000e+000  5.1711585140707133e+000  6.8068042649813310e-001 -3.9028309971164186e+000 -3.9028309971164186e+000 -6.1673552031033898e+000
  0.0000000000000000e+000  5.1887347086699576e+000  6.1115846855460165e-001 -4.0065104969302734e+000 -4.0065104969302734e+000 -5.6234027969575040e+000
  0.0000000000000000e+000  5.2063109032692010e+000  5.3990035431674277e-001 -4.1002614457894300e+000 -4.1002614457894300e+000 -5.0376951169050548e+000
  0.0000000000000000e+000  5.2238870978684444e+000  4.6708664459126642e-001 -4.1833701574765998e+000 -4.1833701574765998e+000 -4.4128117355647190e+000
  0.0000000000000000e+000  5.2414632924676887e+000  3.9291087722220253e-001 -4.2551740646372451e+000 -4.2551740646372451e+000 -3.7522151538316968e+000
  0.0000000000000000e+000  5.2590394870669321e+000  3.1757703510234314e-001 -4.3150833042256860e+000 -4.3150833042256860e+000 -3.0602036188920501e+000
  0.0000000000000000e+000  5.2766156816661756e+000  2.4129832701599002e-001 -4.3625919461115652e+000 -4.3625919461115652e+000 -2.3418426926388864e+000
  0.0000000000000000e+000  5.2925687380247286e+000  1.7143169727566338e-001 -4.3946271110876873e+000 -4.3946271110876873e+000 -1.6718136953494442e+000
  0.0000000000000000e+000  5.3085217943832825e+000  1.0114006539063536e-001 -4.4158682105210216e+000 -4.4158682105210216e+000 -9.8948366907592000e-001
  0.0000000000000000e+000  5.3244748507418365e+000  3.0596951689823931e-002 -4.4261581938802843e+000 -4.4261581938802843e+000 -2.9980334346213677e-001
  0.0000000000000000e+000  5.3404279071003895e+000 -4.0022576988464675e-002 -4.4254212070817420e+000 -4.4254212070817420e+000  3.9211655243608096e-001
  0.0000000000000000e+000  5.3555249625119492e+000 -1.0676405949969275e-001 -4.4145722735660176e+000 -4.4145722735660176e+000  1.0443012191876448e+000
  0.0000000000000000e+000  5.3706220179235089e+000 -1.7326749802749039e-001 -4.3939247636383953e+000 -4.3939247636383953e+000  1.6895379974825511e+000
  0.0000000000000000e+000  5.3857190733350677e+000 -2.3938593461307417e-001 -4.3636147183888685e+000 -4.3636147183888685e+000  2.3236399428685997e+000
  0.0000000000000000e+000  5.4008161287466274e+000 -3.0497516863318941e-001 -4.3238402070679793e+000 -4.3238402070679793e+000  2.9426409999726122e+000
  0.0000000000000000e+000  5.4159284303912889e+000 -3.6995937558970104e-001 -4.2748039414097798e+000 -4.2748039414097798e+000  3.5434600528959774e+000
  0.0000000000000000e+000  5.4310407320359495e+000 -4.3413463370920879e-001 -4.2168522961217221e+000 -4.2168522961217221e+000  4.1221295953319546e+000
  0.0000000000000000e+000  5.4461530336806110e+000 -4.9736884751749177e-001 -4.1503415478447874e+000 -4.1503415478447874e+000  4.6757253164615227e+000
  0.0000000000000000e+000  5.4612653353252725e+000 -5.5953580985128515e-001 -4.0756690190623486e+000 -4.0756690190623486e+000  5.2017699616639961e+000
  0.0000000000000000e+000  5.4771248211981458e+000 -6.2349755601835211e-001 -3.9890012883362078e+000 -3.9890012883362078e+000  5.7220062263242513e+000
  0.0000000000000000e+000  5.4929843070710183e+000 -6.8602075432536236e-001 -3.8943542840408227e+000 -3.8943542840408227e+000  6.2079390990028358e+000
  0.0000000000000000e+000  5.5088437929438907e+000 -7.4698317287018767e-001 -3.7922807278719395e+000 -3.7922807278719395e+000  6.6583971700954958e+000
  0.0000000000000000e+000  5.5247032788167640e+000 -8.0627162334825642e-001 -3.6833475169040266e+000 -3.6833475169040266e+000  7.0727720766230879e+000
  0.0000000000000000e+000  5.5423298839978976e+000 -8.7007557302391625e-001 -3.5549272888609331e+000 -3.5549272888609331e+000  7.4909011300818840e+000
  0.0000000000000000e+000  5.5599564891790312e+000 -9.3155331800856356e-001 -3.4195280792046927e+000 -3.4195280792046927e+000  7.8649664773376369e+000
  0.0000000000000000e+000  5.5775830943601648e+000 -9.9058848242129649e-001 -3.2779149711210152e+000 -3.2779149711210152e+000  8.1962175359371621e+000
  0.0000000000000000e+000  5.5952096995412983e+000 -1.0470780809231719e+000 -3.1308260534869334e+000 -3.1308260534869334e+000  8.4864634921806594e+000
  0.0000000000000000e+000  5.6152549685736677e+000 -1.1081114717635627e+000 -2.9577937724745835e+000 -2.9577937724745835e+000  8.7696018641601512e+000
  0.0000000000000000e+000  5.6353002376060379e+000 -1.1656229269192051e+000 -2.7795566419974400e+000 -2.7795566419974400e+000  9.0065337933359562e+000
  0.0000000000000000e+000  5.6553455066384082e+000 -1.2195168008173518e+000 -2.5969976706500946e+000 -2.5969976706500946e+000  9.2015453340363802e+000
  0.0000000000000000e+000  5.6753907756707775e+000 -1.2697143530432111e+000 -2.4109115620366510e+000 -2.4109115620366510e+000  9.3591586119298409e+000
  0.0000000000000000e+000  5.6977734142553267e+000 -1.3213200577445636e+000 -2.1998210077864995e+000 -2.1998210077864995e+000  9.4966102469313665e+000
  0.0000000000000000e+000  5.7201560528398758e+000 -1.3681700099786198e+000 -1.9860509355961744e+000 -1.9860509355961744e+000  9.5995060121814877e+000
  0.0000000000000000e+000  5.7425386914244250e+000 -1.4102119274866431e+000 -1.7703074350915760e+000 -1.7703074350915760e+000  9.6739132916398347e+000
  0.0000000000000000e+000  5.7649213300089741e+000 -1.4474078934620764e+000 -1.5531655262780628e+000 -1.5531655262780628e+000  9.7254935433863139e+000
  0.0000000000000000e+000  5.7899483093260784e+000 -1.4832286128740819e+000 -1.3092663464095062e+000 -1.3092663464095062e+000  9.7624502916387002e+000
  0.0000000000000000e+000  5.8149752886431827e+000 -1.5129359056522020e+000 -1.0646481632430707e+000 -1.0646481632430707e+000  9.7836002172301875e+000
  0.0000000000000000e+000  5.8400022679602879e+000 -1.5365157082517353e+000 -8.1964177208275846e-001 -8.1964177208275846e-001  9.7942422759296992e+000
  0.0000000000000000e+000  5.8650292472773922e+000 -1.5539607706420324e+000 -5.7445921879531692e-001 -5.7445921879531692e-001  9.7986111966437477e+000
  0.0000000000000000e+000  5.8927130647944814e+000 -1.5661090204516801e+000 -3.0317724041059657e-001 -3.0317724041059657e-001  9.7998923430774099e+000
  0.0000000000000000e+000  5.9203968823115698e+000 -1.5707468072814321e+000 -3.1873344897424216e-002 -3.1873344897424216e-002  9.7999999879843074e+000
  0.0000000000000000e+000  5.9480806998286591e+000 -1.5678737821275723e+000  2.3943159572374029e-001  2.3943159572374029e-001  9.7999581478198596e+000
  0.0000000000000000e+000  5.9757645173457483e+000 -1.5574901591099199e+000  5.1072110219856459e-001  5.1072110219856459e-001  9.7991324477179642e+000
  0.0000000000000000e+000  6.0009729864096011e+000 -1.5415026650960351e+000  7.5770578560250101e-001  7.5770578560250101e-001  9.7957955194577568e+000
  0.0000000000000000e+000  6.0261814554734539e+000 -1.5192901259599956e+000  1.0045491755719707e+000  1.0045491755719707e+000  9.7870037187720271e+000
  0.0000000000000000e+000  6.0513899245373066e+000 -1.4908586823799848e+000  1.2510611545743546e+000  1.2510611545743546e+000  9.7687055374237968e+000
  0.0000000000000000e+000  6.0765983936011594e+000 -1.4562207652139840e+000  1.4969349268746446e+000  1.4969349268746446e+000  9.7357452978200971e+000
  0.0000000000000000e+000  6.1038984230744937e+000 -1.4117335451444712e+000  1.7619731588890186e+000  1.7619731588890186e+000  9.6762864240656068e+000
  0.0000000000000000e+000  6.1311984525478280e+000 -1.3600355675833029e+000  2.0249543599263164e+000  2.0249543599263164e+000  9.5831460305185932e+000
  0.0000000000000000e+000  6.1584984820211623e+000 -1.3011980092634217e+000  2.2848167062357883e+000  2.2848167062357883e+000  9.4460040075422551e+000
  0.0000000000000000e+000  6.1857985114944967e+000 -1.2353250544269834e+000  2.5402050647758707e+000  2.5402050647758707e+000  9.2537015963879341e+000
  0.0000000000000000e+000  6.2102938624694621e+000 -1.1703472962300863e+000  2.7641933260369980e+000  2.7641933260369980e+000  9.0246831960622877e+000
  0.0000000000000000e+000  6.2347892134444276e+000 -1.0999569740922297e+000  2.9818251899642969e+000  2.9818251899642969e+000  8.7336408599460889e+000
  0.0000000000000000e+000  6.2592845644193931e+000 -1.0243299685783800e+000  3.1914866081742042e+000  3.1914866081742042e+000  8.3727886137489644e+000
  0.0000000000000000e+000  6.2837799153943585e+000 -9.4368362120806903e-001  3.3913866337994172e+000  3.3913866337994172e+000  7.9353066882564267e+000
  0.0000000000000000e+000  6.3034250351311014e+000 -8.7555355167078042e-001  3.5433408398597535e+000  3.5433408398597535e+000  7.5254024531448920e+000
  0.0000000000000000e+000  6.3230701548678443e+000 -8.0452095146989799e-001  3.6867047973842815e+000  3.6867047973842815e+000  7.0608855585500327e+000
  0.0000000000000000e+000  6.3427152746045872e+000 -7.3076535390191555e-001  3.8203979466149671e+000  3.8203979466149671e+000  6.5409096653410277e+000
  0.0000000000000000e+000  6.3623603943413300e+000 -6.5448723914833473e-001  3.9433361026083986e+000  3.9433361026083986e+000  5.9657746894831263e+000
  0.0000000000000000e+000  6.3820055140780729e+000 -5.7590793916925787e-001  4.0544475429756623e+000  4.0544475429756623e+000  5.3370457194511900e+000
  0.0000000000000000e+000  6.4016506338148158e+000 -4.9527085503547652e-001  4.1526997450584773e+000  4.1526997450584773e+000  4.6576457824342636e+000
  0.0000000000000000e+000  6.4212957535515587e+000 -4.1283813635102240e-001  4.2371397129970285e+000  4.2371397129970285e+000  3.9318642037327316e+000
  0.0000000000000000e+000  6.4409408732883016e+000 -3.2888907351025676e-001  4.3069145954337209e+000  4.3069145954337209e+000  3.1653200824810801e+000
  0.0000000000000000e+000  6.4575208943769953e+000 -2.5707562683089696e-001  4.3538423699721109e+000  4.3538423699721109e+000  2.4916830429244716e+000
  0.0000000000000000e+000  6.4741009154656890e+000 -1.8457791306148344e-001  4.3894322555240164e+000  4.3894322555240164e+000  1.7986099994982139e+000
  0.0000000000000000e+000  6.4906809365543827e+000 -1.1158631395480967e-001  4.4134046749336946e+000  4.4134046749336946e+000  1.0912779071232748e+000
  0.0000000000000000e+000  6.5072609576430764e+000 -3.8294740341371036e-002  4.4255698627509243e+000  4.4255698627509243e+000  3.7519673612215859e-001
  0.0000000000000000e+000  6.5225044198091950e+000  2.9184429098883066e-002  4.4262504245158700e+000  4.4262504245158700e+000 -2.8596680667385327e-001
  0.0000000000000000e+000  6.5377478819753136e+000  9.6597015748358661e-002  4.4168619264514506e+000  4.4168619264514506e+000 -9.4517924394650077e-001
  0.0000000000000000e+000  6.5529913441414314e+000  1.6378995777435615e-001  4.3974677285845409e+000  4.3974677285845409e+000 -1.5979743110693880e+000
  0.0000000000000000e+000  6.5682348063075500e+000  2.3061192717773160e-001  4.3681988486886425e+000  4.3681988486886425e+000 -2.2400182786863612e+000
  0.0000000000000000e+000  6.5832691730798230e+000  2.9600853985525916e-001  4.3298499710996055e+000  4.3298499710996055e+000 -2.8587058168697705e+000
  0.0000000000000000e+000  6.5983035398520959e+000  3.6075921147220497e-001  4.2823323352762221e+000  4.2823323352762221e+000 -3.4592498178064726e+000
  0.0000000000000000e+000  6.6133379066243689e+000  4.2472827598915630e-001  4.2259432430716570e+000  4.2259432430716570e+000 -4.0383175111775973e+000
  0.0000000000000000e+000  6.6283722733966419e+000  4.8778509764380068e-001  4.1610274304359729e+000  4.1610274304359729e+000 -4.5929704516064982e+000
  0.0000000000000000e+000  6.6439371154609894e+000  5.5197222037642235e-001  4.0852510416686432e+000  4.0852510416686432e+000 -5.1388022598800056e+000
  0.0000000000000000e+000  6.6595019575253378e+000  6.1491495442253419e-001  4.0012197091822026e+000  4.0012197091822026e+000 -5.6535127608494102e+000
  0.0000000000000000e+000  6.6750667995896862e+000  6.7648861983458275e-001  3.9094306703559649e+000  3.9094306703559649e+000 -6.1353762377289316e+000
  0.0000000000000000e+000  6.6906316416540337e+000  7.3657662591785023e-001  3.8104039168524215e+000  3.8104039168524215e+000 -6.5832079306442211e+000
  0.0000000000000000e+000  6.7076062513891754e+000  8.0028629186716727e-001  3.6947876711913827e+000  3.6947876711913827e+000 -7.0320441250388175e+000
  0.0000000000000000e+000  6.7245808611243172e+000  8.6197077548492795e-001  3.5719059695242263e+000  3.5719059695242263e+000 -7.4394436015518313e+000
  0.0000000000000000e+000  6.7415554708594589e+000  9.2151259117849171e-001  3.4424576643937099e+000  3.4424576643937099e+000 -7.8058672641516003e+000
  0.0000000000000000e+000  6.7585300805946007e+000  9.7880615667144422e-001  3.3071288828129211e+000  3.3071288828129211e+000 -8.1323514553735610e+000
  0.0000000000000000e+000  6.7781984944157783e+000  1.0422569651338285e+000  3.1438464725263042e+000  3.1438464725263042e+000 -8.4627366022311055e+000
  0.0000000000000000e+000  6.7978669082369558e+000  1.1024357654077412e+000  2.9745494788759705e+000  2.9745494788759705e+000 -8.7446337758682198e+000
  0.0000000000000000e+000  6.8175353220581334e+000  1.1592331270501677e+000  2.8001555050913161e+000  2.8001555050913161e+000 -8.9816666460492431e+000
  0.0000000000000000e+000  6.8372037358793110e+000  1.2125570448786858e+000  2.6215069660094104e+000  2.6215069660094104e+000 -9.1778531570534252e+000
  0.0000000000000000e+000  6.8586971001168555e+000  1.2667678666007236e+000  2.4223151504215017e+000  2.4223151504215017e+000 -9.3505548414925599e+000
  0.0000000000000000e+000  6.8801904643543992e+000  1.3166609049097631e+000  2.2198295420613654e+000  2.2198295420613654e+000 -9.4852339946223019e+000
  0.0000000000000000e+000  6.9016838285919437e+000  1.3621733126695648e+000  2.0148072973610418e+000  2.0148072973610418e+000 -9.5875069307866490e+000
  0.0000000000000000e+000  6.9231771928294883e+000  1.4032572839895647e+000  1.8078872011478306e+000  1.8078872011478306e+000 -9.6627816985623465e+000
  0.0000000000000000e+000  6.9481907259192441e+000  1.4454488266953482e+000  1.5653803726103812e+000  1.5653803726103812e+000 -9.7231119718405257e+000
  0.0000000000000000e+000  6.9732042590090000e+000  1.4815585694995859e+000  1.3216555365242959e+000  1.3216555365242959e+000 -9.7610053388374531e+000
  0.0000000000000000e+000  6.9982177920987558e+000  1.5115618366277734e+000  1.0771959300093983e+000  1.0771959300093983e+000 -9.7828122748207029e+000
  0.0000000000000000e+000  7.0232313251885117e+000  1.5354442365851315e+000  8.3233904631705580e-001  8.3233904631705580e-001 -9.7938767633770052e+000
  0.0000000000000000e+000  7.0497820640136917e+000  1.5540906496881595e+000  5.7223295611317027e-001  5.7223295611317027e-001 -9.7986325415297166e+000
  0.0000000000000000e+000  7.0763328028388717e+000  1.5658299941325040e+000  3.1204835706900924e-001  3.1204835706900924e-001 -9.7998791443938469e+000
  0.0000000000000000e+000  7.1028835416640517e+000  1.5706609343757614e+000  5.1848863121207955e-002  5.1848863121207955e-002 -9.7999999101775757e+000
  0.0000000000000000e+000  7.1294342804892317e+000  1.5685832773507464e+000 -2.0834578022472272e-001 -2.0834578022472272e-001 -9.7999760018293678e+000
  0.0000000000000000e+000  7.1546391493061261e+000  1.5602192816249254e+000 -4.5534612140062969e-001 -4.5534612140062969e-001 -9.7994518230764012e+000
  0.0000000000000000e+000  7.1798440181230196e+000  1.5456296456681515e+000 -7.0231640031869191e-001 -7.0231640031869191e-001 -9.7968966907875412e+000
  0.0000000000000000e+000  7.2050488869399132e+000  1.5248163410053284e+000 -9.4917022586621891e-001 -9.4917022586621891e-001 -9.7896424454293705e+000
  0.0000000000000000e+000  7.2302537557568076e+000  1.4977845776563239e+000 -1.1957390698602677e+000 -1.1957390698602677e+000 -9.7738910953437870e+000
  0.0000000000000000e+000  7.2564811613965627e+000  1.4630653235896256e+000 -1.4517166044788259e+000 -1.4517166044788259e+000 -9.7431857322678557e+000
  0.0000000000000000e+000  7.2827085670363170e+000  1.4216443159187475e+000 -1.7066299231301976e+000 -1.7066299231301976e+000 -9.6911949543987532e+000
  0.0000000000000000e+000  7.3089359726760712e+000  1.3735585430481814e+000 -1.9598153006865171e+000 -1.9598153006865171e+000 -9.6099937380690967e+000
  0.0000000000000000e+000  7.3351633783158263e+000  1.3188653366947585e+000 -2.2103873898458559e+000 -2.2103873898458559e+000 -9.4906422338895489e+000
  0.0000000000000000e+000  7.3602709696953070e+000  1.2603922237248115e+000 -2.4467807322325452e+000 -2.4467807322325452e+000 -9.3316601265983188e+000
  0.0000000000000000e+000  7.3853785610747877e+000  1.1960384576106788e+000 -2.6785368532660985e+000 -2.6785368532660985e+000 -9.1198435489110192e+000
  0.0000000000000000e+000  7.4104861524542693e+000  1.1259389728945013e+000 -2.9042161871213956e+000 -2.9042161871213956e+000 -8.8461861816346339e+000
  0.0000000000000000e+000  7.4355937438337500e+000  1.0502674847482962e+000 -3.1221588905767894e+000 -3.1221588905767894e+000 -8.5020516148314318e+000
  0.0000000000000000e+000  7.4605233387812007e+000  9.6983250132046372e-001 -3.3290613150933477e+000 -3.3290613150933477e+000 -8.0829519454561432e+000
  0.0000000000000000e+000  7.4854529337286504e+000  8.8437813772545437e-001 -3.5244783823080756e+000 -3.5244783823080756e+000 -7.5805059829096981e+000
  0.0000000000000000e+000  7.5103825286761010e+000  7.9421771962451659e-001 -3.7062813711844003e+000 -3.7062813711844003e+000 -6.9904925618164357e+000
  0.0000000000000000e+000  7.5353121236235516e+000  6.9971779286492053e-001 -3.8722728667199027e+000 -3.8722728667199027e+000 -6.3112178131176586e+000
  0.0000000000000000e+000  7.5521238940876083e+000  6.3374944488388441e-001 -3.9741626252494764e+000 -3.9741626252494764e+000 -5.8032685897264216e+000
  0.0000000000000000e+000  7.5689356645516650e+000  5.6614191467356356e-001 -4.0671825234414811e+000 -4.0671825234414811e+000 -5.2565231653802744e+000
  0.0000000000000000e+000  7.5857474350157217e+000  4.9704974310652306e-001 -4.1506973555015687e+000 -4.1506973555015687e+000 -4.6729767465720311e+000
  0.0000000000000000e+000  7.6025592054797784e+000  4.2663754852446523e-001 -4.2241127484784888e+000 -4.2241127484784888e+000 -4.0553585640960357e+000
  0.0000000000000000e+000  7.6193709759438351e+000  3.5507958437990850e-001 -4.2868828113792672e+000 -4.2868828113792672e+000 -3.4071168642634304e+000
  0.0000000000000000e+000  7.6361827464078917e+000  2.8255950578568373e-001 -4.3385244295779675e+000 -4.3385244295779675e+000 -2.7323827626857744e+000
  0.0000000000000000e+000  7.6529945168719484e+000  2.0926789782299357e-001 -4.3786319064576729e+000 -4.3786319064576729e+000 -2.0358894897403861e+000
  0.0000000000000000e+000  7.6698062873360051e+000  1.3540108710261733e-001 -4.4068847282700734e+000 -4.4068847282700734e+000 -1.3228798315647963e+000
  0.0000000000000000e+000  7.6853108491693352e+000  6.6941740293062657e-002 -4.4222312722941863e+000 -4.4222312722941863e+000 -6.5553919878098477e-001
  0.0000000000000000e+000  7.7008154110026652e+000 -1.6749096051314749e-003 -4.4271890669882943e+000 -4.4271890669882943e+000  1.6414106455809777e-002
  0.0000000000000000e+000  7.7163199728359944e+000 -7.0287455045511565e-002 -4.4217228948185845e+000 -4.4217228948185845e+000  6.8825003601817636e-001
  0.0000000000000000e+000  7.7318245346693244e+000 -1.3873479243336023e-001 -4.4058715677097142e+000 -4.4058715677097142e+000  1.3552437103023338e+000
  0.0000000000000000e+000  7.7468414471953251e+000 -2.0472066881778778e-001 -4.3807229525004923e+000 -4.3807229525004923e+000  1.9922779631022811e+000
  0.0000000000000000e+000  7.7618583597213267e+000 -2.7025737393543181e-001 -4.3461007553358026e+000 -4.3461007553358026e+000  2.6163988781301635e+000
  0.0000000000000000e+000  7.7768752722473273e+000 -3.3520425503827878e-001 -4.3022267672388477e+000 -4.3022267672388477e+000  3.2238282230679478e+000
  0.0000000000000000e+000  7.7918921847733280e+000 -3.9942461871990831e-001 -4.2493775086672265e+000 -4.2493775086672265e+000  3.8111055029053964e+000
  0.0000000000000000e+000  7.8071892520347150e+000 -4.6395918638764622e-001 -4.1866528962484750e+000 -4.1866528962484750e+000  4.3854241193299721e+000
  0.0000000000000000e+000  7.8224863192961021e+000 -5.2746799952923140e-001 -4.1153467694190198e+000 -4.1153467694190198e+000  4.9328015323472698e+000
  0.0000000000000000e+000  7.8377833865574882e+000 -5.8982301232552581e-001 -4.0358885814906245e+000 -4.0358885814906245e+000  5.4508966898240363e+000
  0.0000000000000000e+000  7.8530804538188752e+000 -6.5090317664538155e-001 -3.9487399182098670e+000 -3.9487399182098670e+000  5.9378705983717319e+000
  0.0000000000000000e+000  7.8694354504401334e+000 -7.1466868123151983e-001 -3.8476100621329503e+000 -3.8476100621329503e+000  6.4225986007159905e+000
  0.0000000000000000e+000  7.8857904470613915e+000 -7.7671706144222641e-001 -3.7388644937946829e+000 -3.7388644937946829e+000  6.8692291310734230e+000
  0.0000000000000000e+000  7.9021454436826497e+000 -8.3692880174163475e-001 -3.6231288214854547e+000 -3.6231288214854547e+000  7.2773790668073719e+000
  0.0000000000000000e+000  7.9185004403039079e+000 -8.9519478755927373e-001 -3.5010302123932338e+000 -3.5010302123932338e+000  7.6472429145864904e+000
  0.0000000000000000e+000  7.9372379438242788e+000 -9.5943006638753192e-001 -3.3541254480294929e+000 -3.3541254480294929e+000  8.0248727561544886e+000
  0.0000000000000000e+000  7.9559754473446507e+000 -1.0208493781424195e+000 -3.2005946097223776e+000 -3.2005946097223776e+000  8.3550120511919612e+000
  0.0000000000000000e+000  7.9747129508650216e+000 -1.0793365507953443e+000 -3.0413039411412668e+000 -3.0413039411412668e+000  8.6401201216861754e+000
  0.0000000000000000e+000  7.9934504543853926e+000 -1.1347913020208145e+000 -2.8770687320792212e+000 -2.8770687320792212e+000  8.8831713534447907e+000
  0.0000000000000000e+000  8.0141273732334479e+000 -1.1923644248702776e+000 -2.6910049744956375e+000 -2.6910049744956375e+000  9.1066023058616086e+000
  0.0000000000000000e+000  8.0348042920815033e+000 -1.2460459795670924e+000 -2.5007670628366085e+000 -2.5007670628366085e+000  9.2877580494157019e+000
  0.0000000000000000e+000  8.0554812109295604e+000 -1.2957579837862048e+000 -2.3071771625255617e+000 -2.3071771625255617e+000  9.4316648929432034e+000
  0.0000000000000000e+000  8.0761581297776157e+000 -1.3414384396983676e+000 -2.1109533901213058e+000 -2.1109533901213058e+000  9.5433632994760238e+000
  0.0000000000000000e+000  8.1001167954745625e+000 -1.3892648515834367e+000 -1.8810974611284805e+000 -1.8810974611284805e+000  9.6389699258457266e+000
  0.0000000000000000e+000  8.1240754611715111e+000 -1.4315602743217650e+000 -1.6493145932965567e+000 -1.6493145932965567e+000  9.7051586464940893e+000
  0.0000000000000000e+000  8.1480341268684580e+000 -1.4682857969370380e+000 -1.4162312622840987e+000 -1.4162312622840987e+000  9.7485538723067418e+000
  0.0000000000000000e+000  8.1719927925654048e+000 -1.4994157466819564e+000 -1.1823244100011425e+000 -1.1823244100011425e+000  9.7750441815493883e+000
  0.0000000000000000e+000  8.1975540036190750e+000 -1.5264419203970314e+000 -9.3224630488552207e-001 -9.3224630488552207e-001  9.7903617447799594e+000
  0.0000000000000000e+000  8.2231152146727435e+000 -1.5470721015439428e+000 -6.8188937833624119e-001 -6.8188937833624119e-001  9.7972422189200916e+000
  0.0000000000000000e+000  8.2486764257264120e+000 -1.5613011538682344e+000 -4.3142151586763211e-001 -4.3142151586763211e-001  9.7995582276054911e+000
  0.0000000000000000e+000  8.2742376367800823e+000 -1.5691271976610133e+000 -1.8092754228550256e-001 -1.8092754228550256e-001  9.7999863486420491e+000
  0.0000000000000000e+000  8.3006594496283004e+000 -1.5704870299895504e+000  7.8003141861228142e-002  7.8003141861228142e-002  9.7999995312438877e+000
  0.0000000000000000e+000  8.3270812624765185e+000 -1.5650051982186604e+000  3.3693826733041110e-001  3.3693826733041110e-001  9.7998356683253558e+000
  0.0000000000000000e+000  8.3535030753247383e+000 -1.5526819336173301e+000  5.9585657571570094e-001  5.9585657571570094e-001  9.7983922008878768e+000
  0.0000000000000000e+000  8.3799248881729564e+000 -1.5335186986807807e+000  8.5468869713524831e-001  8.5468869713524831e-001  9.7931916428414834e+000
  0.0000000000000000e+000  8.4052436215805226e+000 -1.5087415452224491e+000  1.1025041472192991e+000  1.1025041472192991e+000  9.7811371542579959e+000
  0.0000000000000000e+000  8.4305623549880906e+000 -1.4776943377586516e+000  1.3498833531684071e+000  1.3498833531684071e+000  9.7575575670298615e+000
  0.0000000000000000e+000  8.4558810883956568e+000 -1.4403929923902903e+000  1.5964613839949964e+000  1.5964613839949964e+000  9.7167933661043548e+000
  0.0000000000000000e+000  8.4811998218032230e+000 -1.3968646819406350e+000  1.8417161890103757e+000  1.8417161890103757e+000  9.6521374649500125e+000
  0.0000000000000000e+000  8.5074097414179644e+000 -1.3452890370775969e+000  2.0934672107287007e+000  2.0934672107287007e+000  9.5518718604063082e+000
  0.0000000000000000e+000  8.5336196610327057e+000 -1.2871530700853073e+000  2.3420467653528565e+000  2.3420467653528565e+000  9.4084138322085042e+000
  0.0000000000000000e+000  8.5598295806474454e+000 -1.2225569526796372e+000  2.5861909436181705e+000  2.5861909436181705e+000  9.2117547192894662e+000
  0.0000000000000000e+000  8.5860395002621868e+000 -1.1516374167391374e+000  2.8243706567016864e+000  2.8243706567016864e+000  8.9516294890402932e+000
  0.0000000000000000e+000  8.6103536220762802e+000 -1.0803479645066121e+000  3.0384311833432691e+000  3.0384311833432691e+000  8.6447932384931612e+000
  0.0000000000000000e+000  8.6346677438903718e+000 -1.0039509082993168e+000  3.2441803767761894e+000  3.2441803767761894e+000  8.2672711465068645e+000
  0.0000000000000000e+000  8.6589818657044653e+000 -9.2267055922961483e-001  3.4398235785300888e+000  3.4398235785300888e+000  7.8127232646239975e+000
  0.0000000000000000e+000  8.6832959875185587e+000 -8.3677607769328466e-001  3.6234339858330418e+000  3.6234339858330418e+000  7.2763765750698592e+000
  0.0000000000000000e+000  8.7010587034995552e+000 -7.7128882776144292e-001  3.7487971249233385e+000  3.7487971249233385e+000  6.8311872493728760e+000
  0.0000000000000000e+000  8.7188214194805536e+000 -7.0364749622471767e-001  3.8658469224615519e+000  3.8658469224615519e+000  6.3406309154466625e+000
  0.0000000000000000e+000  8.7365841354615519e+000 -6.3400696197742112e-001  3.9737832181259263e+000  3.9737832181259263e+000  5.8053020010412260e+000
  0.0000000000000000e+000  8.7543468514425484e+000 -5.6253588765363394e-001  4.0718253687361203e+000  4.0718253687361203e+000  5.2266637080925564e+000
  0.0000000000000000e+000  8.7721095674235450e+000 -4.8941644687856428e-001  4.1592226126120417e+000  4.1592226126120417e+000  4.6070870157499044e+000
  0.0000000000000000e+000  8.7898722834045433e+000 -4.1484463600628740e-001  4.2352722666961382e+000  4.2352722666961382e+000  3.9498679440596485e+000
  0.0000000000000000e+000  8.8076349993855416e+000 -3.3902773498048100e-001  4.2993429520332427e+000  4.2993429520332427e+000  3.2591892073381650e+000
  0.0000000000000000e+000  8.8253977153665382e+000 -2.6218308429347914e-001  4.3508866342485444e+000  4.3508866342485444e+000  2.5400585542680454e+000
  0.0000000000000000e+000  8.8414622932099221e+000 -1.9198859142053898e-001  4.3863315762186481e+000  4.3863315762186481e+000  1.8699509895628212e+000
  0.0000000000000000e+000  8.8575268710533077e+000 -1.2131203666604040e-001  4.4108927814923771e+000  4.4108927814923771e+000  1.1859441110492499e+000
  0.0000000000000000e+000  8.8735914488966934e+000 -5.0329808112427654e-002  4.4243867262111598e+000  4.4243867262111598e+000  4.9302391234978954e-001
  0.0000000000000000e+000  8.8896560267400773e+000  2.0779741682104169e-002  4.4267125558243423e+000  4.4267125558243423e+000 -2.0362681348261397e-001
  0.0000000000000000e+000  8.9047812986725869e+000  8.7686849815379886e-002  4.4186776002293309e+000  4.4186776002293309e+000 -8.5823032098407515e-001
  0.0000000000000000e+000  8.9199065706050966e+000  1.5439756558059670e-001  4.4007799253274795e+000  4.4007799253274795e+000 -1.5070916197667334e+000
  0.0000000000000000e+000  8.9350318425376081e+000  2.2076355403983269e-001  4.3731381409599273e+000  4.3731381409599273e+000 -2.1459521563616231e+000
  0.0000000000000000e+000  8.9501571144701177e+000  2.8663899291153172e-001  4.3359342633630122e+000  4.3359342633630122e+000 -2.7707535256901252e+000
  0.0000000000000000e+000  8.9652448151840982e+000  3.5171986905401037e-001  4.2895374006716871e+000  4.2895374006716871e+000 -3.3762263962928039e+000
  0.0000000000000000e+000  8.9803325158980769e+000  4.1603247448826025e-001  4.2341619949225118e+000  4.2341619949225118e+000 -3.9605185858009802e+000
  0.0000000000000000e+000  8.9954202166120574e+000  4.7944386742061240e-001  4.1701499200618573e+000  4.1701499200618573e+000 -4.5206010103463052e+000
  0.0000000000000000e+000  9.0105079173260378e+000  5.4182678239436133e-001  4.0978857171063208e+000  4.0978857171063208e+000 -5.0538794042956399e+000
  0.0000000000000000e+000  9.0262876317869640e+000  6.0583892069458456e-001  4.0139373116111745e+000  4.0139373116111745e+000 -5.5806285226377348e+000
  0.0000000000000000e+000  9.0420673462478884e+000  6.6846212762813306e-001  3.9219407414531400e+000  3.9219407414531400e+000 -6.0738423878561187e+000
  0.0000000000000000e+000  9.0578470607088128e+000  7.2957359128163368e-001  3.8224349443651784e+000  3.8224349443651784e+000 -6.5322078901438303e+000
  0.0000000000000000e+000  9.0736267751697390e+000  7.8905930042031747e-001  3.7159752447483809e+000  3.7159752447483809e+000 -6.9549703419687940e+000
  0.0000000000000000e+000  9.0910775311776355e+000  8.5282473221998178e-001  3.5908259081718010e+000  3.5908259081718010e+000 -7.3807884742371890e+000
  0.0000000000000000e+000  9.1085282871855320e+000  9.1434364836872928e-001  3.4586271061944642e+000  3.4586271061944642e+000 -7.7631893556474871e+000
  0.0000000000000000e+000  9.1259790431934302e+000  9.7349945751387601e-001  3.3201267893989472e+000  3.3201267893989472e+000 -8.1032172213617546e+000
  0.0000000000000000e+000  9.1434297992013267e+000  1.0301885623563451e+000  3.1760497222259296e+000  3.1760497222259296e+000 -8.4024812841353587e+000
  0.0000000000000000e+000  9.1633733816939529e+000  1.0918388951544009e+000  3.0054530502147707e+000  3.0054530502147707e+000 -8.6972635945077119e+000
  0.0000000000000000e+000  9.1833169641865808e+000  1.1500317181129289e+000  2.8294517756478945e+000  2.8294517756478945e+000 -8.9452135832711779e+000
  0.0000000000000000e+000  9.2032605466792070e+000  1.2046679828495583e+000  2.6489384300586964e+000  2.6489384300586964e+000 -9.1504599692984332e+000
  0.0000000000000000e+000  9.2232041291718332e+000  1.2556656887998285e+000  2.4647204186233775e+000  2.4647204186233775e+000 -9.3174077905828199e+000
  0.0000000000000000e+000  9.2453452813797021e+000  1.3079406863927621e+000  2.2567356804994434e+000  2.2567356804994434e+000 -9.4633887103838195e+000
  0.0000000000000000e+000  9.2674864335875711e+000  1.3555783138446940e+000  2.0459213863041312e+000  2.0459213863041312e+000 -9.5739126131755174e+000
  0.0000000000000000e+000  9.2896275857954418e+000  1.3985236835374908e+000  1.8329971036077117e+000  1.8329971036077117e+000 -9.6549377627194328e+000
  0.0000000000000000e+000  9.3117687380033107e+000  1.4367364552615642e+000  1.6185545593508999e+000  1.6185545593508999e+000 -9.7120687695940493e+000
  0.0000000000000000e+000  9.3367594038689550e+000  1.4741473245143670e+000  1.3752757616411342e+000  1.3752757616411342e+000 -9.7542645727207180e+000
  0.0000000000000000e+000  9.3617500697346010e+000  1.5054677131169469e+000  1.1311681305839625e+000  1.1311681305839625e+000 -9.7790950804209213e+000
  0.0000000000000000e+000  9.3867407356002452e+000  1.5306812630284417e+000  8.8659769996150839e-001  8.8659769996150839e-001 -9.7921158874857781e+000
  0.0000000000000000e+000  9.4117314014658895e+000  1.5497792190862978e+000  6.4180528639467160e-001  6.4180528639467160e-001 -9.7978356574704648e+000
  0.0000000000000000e+000  9.4390856503434861e+000  1.5636693807842816e+000  3.7376369415274879e-001  3.7376369415274879e-001 -9.7997511135922366e+000
  0.0000000000000000e+000  9.4664398992210828e+000  1.5702270191465033e+000  1.0569098271139643e-001  1.0569098271139643e-001 -9.7999984118551708e+000
  0.0000000000000000e+000  9.4937941480986776e+000  1.5694516247077559e+000 -1.6238413776819494e-001 -1.6238413776819494e-001 -9.7999911397051900e+000
  0.0000000000000000e+000  9.5211483969762742e+000  1.5613432960393605e+000 -4.3044906733386978e-001 -4.3044906733386978e-001 -9.7995621402873230e+000
  0.0000000000000000e+000  9.5463437547948296e+000  1.5473879723738337e+000 -6.7732795751274422e-001 -6.7732795751274422e-001 -9.7973151624221515e+000
  0.0000000000000000e+000  9.5715391126133849e+000  1.5272130906398838e+000 -9.2410594370363608e-001 -9.2410594370363608e-001 -9.7906939306906100e+000
  0.0000000000000000e+000  9.5967344704319402e+000  1.5008233521677132e+000 -1.1706249034452398e+000 -1.1706249034452398e+000 -9.7760183231810327e+000
  0.0000000000000000e+000  9.6219298282504955e+000  1.4682288212990937e+000 -1.4166193546604748e+000 -1.4166193546604748e+000 -9.7484967187698999e+000
  0.0000000000000000e+000  9.6489748404391786e+000  1.4263571338782037e+000 -1.6796396848392028e+000 -1.6796396848392028e+000 -9.6979504699126249e+000
  0.0000000000000000e+000  9.6760198526278636e+000  1.3773927758311797e+000 -1.9409102898890891e+000 -1.9409102898890891e+000 -9.6172864249024741e+000
  0.0000000000000000e+000  9.7030648648165467e+000  1.3213963639354585e+000 -2.1994838262380210e+000 -2.1994838262380210e+000 -9.4967948486338472e+000
  0.0000000000000000e+000  9.7301098770052299e+000  1.2584578797611452e+000 -2.4541377462019165e+000 -2.4541377462019165e+000 -9.3258525116958282e+000
  0.0000000000000000e+000  9.7547319611688756e+000  1.1952249771979386e+000 -2.6813030139985727e+000 -2.6813030139985727e+000 -9.1169223637652728e+000
  0.0000000000000000e+000  9.7793540453325214e+000  1.1264672752443559e+000 -2.9026048993854028e+000 -2.9026048993854028e+000 -8.8484129171173453e+000
  0.0000000000000000e+000  9.8039761294961654e+000  1.0523488456426959e+000 -3.1164766092552534e+000 -3.1164766092552534e+000 -8.5121775830260518e+000
  0.0000000000000000e+000  9.8285982136598111e+000  9.7307445553088079e-001 -3.3211624272682232e+000 -3.3211624272682232e+000 -8.1008740434266819e+000
  0.0000000000000000e+000  9.8489694616991308e+000  9.0376399540055252e-001 -3.4821981973984477e+000 -3.4821981973984477e+000 -7.6994787037126748e+000
  0.0000000000000000e+000  9.8693407097384487e+000  8.3126031775790743e-001 -3.6344654321208707e+000 -3.6344654321208707e+000 -7.2400571586977422e+000
  0.0000000000000000e+000  9.8897119577777683e+000  7.5575441760603446e-001 -3.7767685465212915e+000 -3.7767685465212915e+000 -6.7212113657557460e+000
  0.0000000000000000e+000  9.9100832058170880e+000  6.7746143879450804e-001 -3.9078983359072517e+000 -3.9078983359072517e+000 -6.1428074245536575e+000
  0.0000000000000000e+000  9.9304544538564077e+000  5.9662066424865245e-001 -4.0266507328957903e+000 -4.0266507328957903e+000 -5.5061316510368377e+000
  0.0000000000000000e+000  9.9508257018957273e+000  5.1349718452998361e-001 -4.1318574184059251e+000 -4.1318574184059251e+000 -4.8140187589870411e+000
  0.0000000000000000e+000  9.9711969499350452e+000  4.2837817932196814e-001 -4.2224344067794437e+000 -4.2224344067794437e+000 -4.0708815387144357e+000
  0.0000000000000000e+000  9.9915681979743649e+000  3.4157111196771062e-001 -4.2974067942447505e+000 -4.2974067942447505e+000 -3.2826849601898975e+000
  0.0000000000000000e+000  9.9936761484807732e+000  3.3250515992110885e-001 -4.3042382288041194e+000 -4.3042382288041194e+000 -3.1988375653106784e+000
  0.0000000000000000e+000  9.9957840989871833e+000  3.2342499413610620e-001 -4.3108924992458713e+000 -4.3108924992458713e+000 -3.1145951827796150e+000
  0.0000000000000000e+000  9.9978920494935917e+000  3.1433098893664141e-001 -4.3173687826764526e+000 -4.3173687826764526e+000 -3.0299670247247508e+000
  0.0000000000000000e+000  1.0000000000000000e+001  3.0522352034825806e-001 -4.3236662757868078e+000 -4.3236662757868078e+000 -2.9449624447080378e+000
