% o a
  0.0000000000000000e+000  0.0000000000000000e+000  1.5707963267948966e+000  1.0000000000000000e-002  1.0000000000000000e-002  8.5931342232615417e-008
  0.0000000000000000e+000  1.2876680499595778e-003  1.5708010788392643e+000 -2.6191468886688964e-003 -2.6191468886688964e-003  8.6565434124248676e-008
  0.0000000000000000e+000  2.5753360999191555e-003  1.5707895816113626e+000 -1.5238293778885031e-002 -1.5238293778885031e-002  2.2205889598877162e-006
  0.0000000000000000e+000  3.8630041498787333e-003  1.5707618351111929e+000 -2.7857440666554684e-002 -2.7857440666554684e-002  1.1634380045686577e-005
  0.0000000000000000e+000  5.1506721998383111e-003  1.5707178393387704e+000 -4.0476587535291507e-002 -4.0476587535291507e-002  1.9645831590847816e-004
  0.0000000000000000e+000  1.1589012449636199e-002  1.5702541214488375e+000 -1.0357231639591499e-001 -1.0357231639591499e-001  7.5650739679521031e-004
  0.0000000000000000e+000  1.8027352699434090e-002  1.5693841717587018e+000 -1.6666802291390415e-001 -1.6666802291390415e-001  2.6382951610578972e-003
  0.0000000000000000e+000  2.4465692949231978e-002  1.5681079907010469e+000 -2.2976362734965705e-001 -2.2976362734965705e-001  6.5106203482950794e-003
  0.0000000000000000e+000  3.0904033199029866e-002  1.5664255794969533e+000 -2.9285896675716377e-001 -2.9285896675716377e-001  3.4957098595749435e-002
  0.0000000000000000e+000  5.6193256223090224e-002  1.5558859445534030e+000 -5.4067948243390440e-001 -5.4067948243390440e-001  9.5598811563097671e-002
  0.0000000000000000e+000  8.1482479247150574e-002  1.5390792766869945e+000 -7.8844855499966682e-001 -7.8844855499966682e-001  2.6919302103828957e-001
  0.0000000000000000e+000  1.0677170227121094e-001  1.5160084447748208e+000 -1.0360535680242300e+000 -1.0360535680242300e+000  5.8761466425073017e-001
  0.0000000000000000e+000  1.3206092529527130e-001  1.4866803718346178e+000 -1.2832886251823961e+000 -1.2832886251823961e+000  1.1158246371958160e+000
  0.0000000000000000e+000  1.5863632095050639e-001  1.4491324445577860e+000 -1.5423480140195411e+000 -1.5423480140195411e+000  1.8851465413522872e+000
  0.0000000000000000e+000  1.8521171660574151e-001  1.4047149001541401e+000 -1.8000980479089201e+000 -1.8000980479089201e+000  2.9740577290270402e+000
  0.0000000000000000e+000  2.1178711226097663e-001  1.3534731918545622e+000 -2.0557681331845297e+000 -2.0557681331845297e+000  4.4070483124875253e+000
  0.0000000000000000e+000  2.3836250791621172e-001  1.2954765141604181e+000 -2.3083442683545932e+000 -2.3083442683545932e+000  6.1383692325152746e+000
  0.0000000000000000e+000  2.6325383529346114e-001  1.2351145392936733e+000 -2.5409855848651275e+000 -2.5409855848651275e+000  8.2620028758527386e+000
  0.0000000000000000e+000  2.8814516267071055e-001  1.1690216795240356e+000 -2.7685243596370097e+000 -2.7685243596370097e+000  1.0666924801590870e+001
  0.0000000000000000e+000  3.1303649004795997e-001  1.0973439099816764e+000 -2.9894707727424352e+000 -2.9894707727424352e+000  1.3409984282247676e+001
  0.0000000000000000e+000  3.3792781742520939e-001  1.0202667211745178e+000 -3.2021269182560190e+000 -3.2021269182560190e+000  1.6495722033623355e+001
  0.0000000000000000e+000  3.6329346591051909e-001  9.3640235837914587e-001 -3.4083515232026484e+000 -3.4083515232026484e+000  1.9828094121017774e+001
  0.0000000000000000e+000  3.8865911439582879e-001  8.4746392486173705e-001 -3.6018170832429721e+000 -3.6018170832429721e+000  2.3376739954181893e+001
  0.0000000000000000e+000  4.1402476288113854e-001  7.5380449813624817e-001 -3.7802422448080559e+000 -3.7802422448080559e+000  2.7002573253342359e+001
  0.0000000000000000e+000  4.3939041136644824e-001  6.5583471925315284e-001 -3.9413021033351421e+000 -3.9413021033351421e+000  2.9878469484006033e+001
  0.0000000000000000e+000  4.5592105699264407e-001  5.8988922440005653e-001 -4.0358082060918186e+000 -4.0358082060918186e+000  3.2846757907679027e+001
  0.0000000000000000e+000  4.7245170261883984e-001  5.2245501013270146e-001 -4.1213339991496545e+000 -4.1213339991496545e+000  3.4973869049166382e+001
  0.0000000000000000e+000  4.8898234824503567e-001  4.5368540700998022e-001 -4.1972984298010427e+000 -4.1972984298010427e+000  3.6938435619481922e+001
  0.0000000000000000e+000  5.0551299387123150e-001  3.8374271925616360e-001 -4.2631659306308425e+000 -4.2631659306308425e+000  3.8700263276568826e+001
  0.0000000000000000e+000  5.2204363949742727e-001  3.1279775403099652e-001 -4.3184531794144467e+000 -4.3184531794144467e+000  4.0221450237373006e+001
  0.0000000000000000e+000  5.3857428512362304e-001  2.4102947010214321e-001 -4.3627419785962838e+000 -4.3627419785962838e+000  4.1468213610887091e+001
  0.0000000000000000e+000  5.5510493074981893e-001  1.6862257620160737e-001 -4.3956914858967169e+000 -4.3956914858967169e+000  4.2412364569550782e+001
  0.0000000000000000e+000  5.7163557637601470e-001  9.5766376857155389e-002 -4.4170447579195864e+000 -4.4170447579195864e+000  4.3017165597561970e+001
  0.0000000000000000e+000  5.8701301992992305e-001  2.7758712653614792e-002 -4.4263465970765337e+000 -4.4263465970765337e+000  4.3311409319807481e+001
  0.0000000000000000e+000  6.0239046348383130e-001 -4.0313050596908012e-002 -4.4254008824411661e+000 -4.4254008824411661e+000  4.3283604651742564e+001
  0.0000000000000000e+000  6.1776790703773965e-001 -1.0829131979028575e-001 -4.4142137982518541e+000 -4.4142137982518541e+000  4.2956932239143036e+001
  0.0000000000000000e+000  6.3314535059164800e-001 -1.7601941064376830e-001 -4.3928628681235233e+000 -4.3928628681235233e+000  4.2349720337895128e+001
  0.0000000000000000e+000  6.4815882072735320e-001 -2.4175446090587613e-001 -4.3623516713032817e+000 -4.3623516713032817e+000  4.1466100340522743e+001
  0.0000000000000000e+000  6.6317229086305840e-001 -3.0696082129283453e-001 -4.3224898566663281e+000 -4.3224898566663281e+000  4.0342070680974146e+001
  0.0000000000000000e+000  6.7818576099876371e-001 -3.7149995058763141e-001 -4.2735302757774480e+000 -4.2735302757774480e+000  3.8989578995828253e+001
  0.0000000000000000e+000  6.9319923113446891e-001 -4.3523770482601687e-001 -4.2157776181334512e+000 -4.2157776181334512e+000  3.7408342918905056e+001
  0.0000000000000000e+000  7.0859309724582198e-001 -4.9962282829440585e-001 -4.1478005377867229e+000 -4.1478005377867229e+000  3.5654228710875309e+001
  0.0000000000000000e+000  7.2398696335717505e-001 -5.6289582729952659e-001 -4.0713725755603001e+000 -4.0713725755603001e+000  3.3723540101785652e+001
  0.0000000000000000e+000  7.3938082946852812e-001 -6.2493006707972076e-001 -3.9869506675407140e+000 -3.9869506675407140e+000  3.1673293661258580e+001
  0.0000000000000000e+000  7.5477469557988119e-001 -6.8560634448940472e-001 -3.8950202186288561e+000 -3.8950202186288561e+000  2.9438444849382037e+001
  0.0000000000000000e+000  7.7136006617990405e-001 -7.4933133546875363e-001 -3.7881549280932476e+000 -3.7881549280932476e+000  2.7176465921787845e+001
  0.0000000000000000e+000  7.8794543677992690e-001 -8.1122103093924958e-001 -3.6738150164999217e+000 -3.6738150164999217e+000  2.4794897426110374e+001
  0.0000000000000000e+000  8.0453080737994975e-001 -8.7115680822371577e-001 -3.5526549832645236e+000 -3.5526549832645236e+000  2.2427448169101336e+001
  0.0000000000000000e+000  8.2111617797997261e-001 -9.2903102072834232e-001 -3.4253254453978275e+000 -3.4253254453978275e+000  1.9893238178544873e+001
  0.0000000000000000e+000  8.4039344082086054e-001 -9.9358005135026051e-001 -3.2704239330046132e+000 -3.2704239330046132e+000  1.7513100517248663e+001
  0.0000000000000000e+000  8.5967070366174858e-001 -1.0550789846479116e+000 -3.1090201316896220e+000 -3.1090201316896220e+000  1.5054214088156684e+001
  0.0000000000000000e+000  8.7894796650263651e-001 -1.1134111288181490e+000 -2.9420272452559111e+000 -2.9420272452559111e+000  1.2764207025055798e+001
  0.0000000000000000e+000  8.9822522934352445e-001 -1.1684769244171138e+000 -2.7702956774854322e+000 -2.7702956774854322e+000  1.0565212949151405e+001
  0.0000000000000000e+000  9.1919783643634023e-001 -1.2245783887999204e+000 -2.5789920318437343e+000 -2.5789920318437343e+000  8.6184418390212016e+000
  0.0000000000000000e+000  9.4017044352915602e-001 -1.2766269185255879e+000 -2.3839065575521610e+000 -2.3839065575521610e+000  6.8156300000583636e+000
  0.0000000000000000e+000  9.6114305062197181e-001 -1.3245513367125763e+000 -2.1858323409843239e+000 -2.1858323409843239e+000  5.2623425677030591e+000
  0.0000000000000000e+000  9.8211565771478759e-001 -1.3682959997168187e+000 -1.9854527697295943e+000 -1.9854527697295943e+000  3.8342851019679207e+000
  0.0000000000000000e+000  1.0068866242333840e+000 -1.4145230481186943e+000 -1.7465944622102174e+000 -1.7465944622102174e+000  2.7129129301815471e+000
  0.0000000000000000e+000  1.0316575907519807e+000 -1.4548120735300696e+000 -1.5060831517797011e+000 -1.5060831517797011e+000  1.7512179432727673e+000
  0.0000000000000000e+000  1.0564285572705772e+000 -1.4891291832857796e+000 -1.2645102229814524e+000 -1.2645102229814524e+000  1.0476588965300129e+000
  0.0000000000000000e+000  1.0811995237891736e+000 -1.5174531977560395e+000 -1.0223091291481567e+000 -1.0223091291481567e+000  5.5495744491808863e-001
  0.0000000000000000e+000  1.1071387128004169e+000 -1.5406774588229672e+000 -7.6832905998098944e-001 -7.6832905998098944e-001  2.5152256702052606e-001
  0.0000000000000000e+000  1.1330779018116601e+000 -1.5573114680010296e+000 -5.1418307823380127e-001 -5.1418307823380127e-001  8.4554668899660818e-002
  0.0000000000000000e+000  1.1590170908229034e+000 -1.5673522728739153e+000 -2.5998538030313911e-001 -2.5998538030313911e-001  1.7174966475882236e-002
  0.0000000000000000e+000  1.1849562798341466e+000 -1.5707990536000993e+000 -5.7838553069733400e-003 -5.7838553069733400e-003  2.6824148660198360e-004
  0.0000000000000000e+000  1.2103896072095601e+000 -1.5677767276686072e+000  2.4346002858481960e-001  2.4346002858481960e-001 -1.4766792188904542e-002
  0.0000000000000000e+000  1.2358229345849738e+000 -1.5584150790251696e+000  4.9270136199118175e-001  4.9270136199118175e-001 -7.5080179700048183e-002
  0.0000000000000000e+000  1.2612562619603875e+000 -1.5427147780680637e+000  7.4189947084159569e-001  7.4189947084159569e-001 -2.2714641273717551e-001
  0.0000000000000000e+000  1.2866895893358010e+000 -1.5206783200158023e+000  9.9095365239706024e-001  9.9095365239706024e-001 -5.1612330869778056e-001
  0.0000000000000000e+000  1.3120208952635091e+000 -1.4924378639425380e+000  1.2386863505223162e+000  1.2386863505223162e+000 -9.8791490398375625e-001
  0.0000000000000000e+000  1.3373522011912169e+000 -1.4579284216929451e+000  1.4858011164714648e+000  1.4858011164714648e+000 -1.6845680882100760e+000
  0.0000000000000000e+000  1.3626835071189247e+000 -1.4171716025311016e+000  1.7318494966059346e+000  1.7318494966059346e+000 -2.6479008443934200e+000
  0.0000000000000000e+000  1.3880148130466328e+000 -1.3702025766489896e+000  1.9762114024364605e+000  1.9762114024364605e+000 -3.9290647651143149e+000
  0.0000000000000000e+000  1.4137510964491569e+000 -1.3161742674875441e+000  2.2219221495842527e+000  2.2219221495842527e+000 -5.5462448363217636e+000
  0.0000000000000000e+000  1.4394873798516810e+000 -1.2558657601658492e+000  2.4639799989418982e+000  2.4639799989418982e+000 -7.5427903318946807e+000
  0.0000000000000000e+000  1.4652236632542053e+000 -1.1893885494628600e+000  2.7010621294114445e+000  2.7010621294114445e+000 -9.9149274857675120e+000
  0.0000000000000000e+000  1.4909599466567294e+000 -1.1168912964031406e+000  2.9315976911580659e+000  2.9315976911580659e+000 -1.2563872443578999e+001
  0.0000000000000000e+000  1.5153670116684528e+000 -1.0427484341962707e+000  3.1425367009425558e+000  3.1425367009425558e+000 -1.5561045719156672e+001
  0.0000000000000000e+000  1.5397740766801764e+000 -9.6356611748428567e-001  3.3442122724479009e+000  3.3442122724479009e+000 -1.8733502689098984e+001
  0.0000000000000000e+000  1.5641811416918998e+000 -8.7959390827088157e-001  3.5347358328864908e+000  3.5347358328864908e+000 -2.2100750779571229e+001
  0.0000000000000000e+000  1.5885882067036232e+000 -7.9112835982601282e-001  3.7121062737584740e+000  3.7121062737584740e+000 -2.4996981074694816e+001
  0.0000000000000000e+000  1.6060344084951237e+000 -7.2532863538650283e-001  3.8296749130586276e+000  3.8296749130586276e+000 -2.8076909177054244e+001
  0.0000000000000000e+000  1.6234806102866242e+000 -6.5755134568238327e-001  3.9386944927971106e+000  3.9386944927971106e+000 -3.0536336755121777e+001
  0.0000000000000000e+000  1.6409268120781246e+000 -5.8795226346433149e-001  4.0384167939323650e+000  4.0384167939323650e+000 -3.2907985185333253e+001
  0.0000000000000000e+000  1.6583730138696251e+000 -5.1669971174904705e-001  4.1281215295955125e+000  4.1281215295955125e+000 -3.5143468196157770e+001
  0.0000000000000000e+000  1.6758192156611256e+000 -4.4397421744018567e-001  4.2071258718219253e+000  4.2071258718219253e+000 -3.7193962324326833e+001
  0.0000000000000000e+000  1.6932654174526260e+000 -3.6996860869475012e-001  4.2748015467566480e+000  4.2748015467566480e+000 -3.9012356595387836e+001
  0.0000000000000000e+000  1.7107116192441265e+000 -2.9488545594482624e-001  4.3305951168175119e+000  4.3305951168175119e+000 -4.0555323798881226e+001
  0.0000000000000000e+000  1.7281578210356270e+000 -2.1893584007029376e-001  4.3740385697459399e+000  4.3740385697459399e+000 -4.1732507678392892e+001
  0.0000000000000000e+000  1.7440038269678393e+000 -1.4938526022158211e-001  4.4024761517460282e+000  4.4024761517460282e+000 -4.2613140073221786e+001
  0.0000000000000000e+000  1.7598498329000516e+000 -7.9468878694687800e-002  4.4202069765673322e+000  4.4202069765673322e+000 -4.3128689680105140e+001
  0.0000000000000000e+000  1.7756958388322637e+000 -9.3574503451341606e-003  4.4271012748498100e+000  4.4271012748498100e+000 -4.3330318990108417e+001
  0.0000000000000000e+000  1.7915418447644760e+000  6.0777148373665990e-002  4.4231089936885111e+000  4.4231089936885111e+000 -4.3223897611713376e+001
  0.0000000000000000e+000  1.8066132860579893e+000  1.2734768410914016e-001  4.4092363524208205e+000  4.4092363524208205e+000 -4.2814160751943376e+001
  0.0000000000000000e+000  1.8216847273515027e+000  1.9363550454971831e-001  4.3856337364769429e+000  4.3856337364769429e+000 -4.2131681855224720e+001
  0.0000000000000000e+000  1.8367561686450160e+000  2.5949507481233702e-001  4.3524557042323817e+000  4.3524557042323817e+000 -4.1184755284201891e+001
  0.0000000000000000e+000  1.8518276099385294e+000  3.2478387690212118e-001  4.3099173438096665e+000  4.3099173438096665e+000 -3.9987838924965345e+001
  0.0000000000000000e+000  1.8669705171037461e+000  3.8966715174457833e-001  4.2580247686758730e+000  4.2580247686758730e+000 -3.8567187298490005e+001
  0.0000000000000000e+000  1.8821134242689626e+000  4.5369709123729274e-001  4.1972856191365935e+000  4.1972856191365935e+000 -3.6943578986698327e+001
  0.0000000000000000e+000  1.8972563314341793e+000  5.1674249109749226e-001  4.1280716456048907e+000  4.1280716456048907e+000 -3.5149710922630774e+001
  0.0000000000000000e+000  1.9123992385993960e+000  5.7867826515974752e-001  4.0507938558220378e+000  4.0507938558220378e+000 -3.3153473830582506e+001
  0.0000000000000000e+000  1.9283505231479134e+000  6.4258969616225436e-001  3.9611598257283593e+000  3.9611598257283593e+000 -3.1063092786501599e+001
  0.0000000000000000e+000  1.9443018076964309e+000  7.0500751967878672e-001  3.8636215961674392e+000  3.8636215961674392e+000 -2.8829508943278270e+001
  0.0000000000000000e+000  1.9602530922449481e+000  7.6581011223902451e-001  3.7587468844260705e+000  3.7587468844260705e+000 -2.6550116115959295e+001
  0.0000000000000000e+000  1.9762043767934656e+000  8.2488516296112124e-001  3.6471151155618426e+000  3.6471151155618426e+000 -2.4102882811485046e+001
  0.0000000000000000e+000  1.9940336886978467e+000  8.8874437567575104e-001  3.5150623146770119e+000  3.5150623146770119e+000 -2.1726315297942048e+001
  0.0000000000000000e+000  2.0118630006022276e+000  9.5018652140740112e-001  3.3761062872586227e+000  3.3761062872586227e+000 -1.9257097158645276e+001
  0.0000000000000000e+000  2.0296923125066089e+000  1.0090954045754750e+000  3.2310313643397692e+000  3.2310313643397692e+000 -1.6886416196631505e+001
  0.0000000000000000e+000  2.0475216244109897e+000  1.0653686751969105e+000  3.0805905119078787e+000  3.0805905119078787e+000 -1.4480262122503406e+001
  0.0000000000000000e+000  2.0676837880160712e+000  1.1257179341053778e+000  2.9048983288725898e+000  2.9048983288725898e+000 -1.2291903051693300e+001
  0.0000000000000000e+000  2.0878459516211532e+000  1.1824732926313113e+000  2.7242171808354643e+000  2.7242171808354643e+000 -1.0146481850915599e+001
  0.0000000000000000e+000  2.1080081152262347e+000  1.2355427875775562e+000  2.5394190071339251e+000  2.5394190071339251e+000 -8.2265892736230537e+000
  0.0000000000000000e+000  2.1281702788313162e+000  1.2848511949443044e+000  2.3512840505760253e+000  2.3512840505760253e+000 -6.4297481277412007e+000
  0.0000000000000000e+000  2.1508333823655574e+000  1.3357120685487962e+000  2.1366805479433468e+000  2.1366805479433468e+000 -4.9242404655251857e+000
  0.0000000000000000e+000  2.1734964858997983e+000  1.3816798439263713e+000  1.9195583639433913e+000  1.9195583639433913e+000 -3.5804006446706906e+000
  0.0000000000000000e+000  2.1961595894340391e+000  1.4227050519126363e+000  1.7006083388698761e+000  1.7006083388698761e+000 -2.4991613283717102e+000
  0.0000000000000000e+000  2.2188226929682804e+000  1.4587523798226780e+000  1.4803866578175504e+000  1.4803866578175504e+000 -1.6163559659851603e+000
  0.0000000000000000e+000  2.2439126775877654e+000  1.4928260641005977e+000  1.2356158582325663e+000  1.2356158582325663e+000 -9.8006461984463245e-001
  0.0000000000000000e+000  2.2690026622072508e+000  1.5207504939205065e+000  9.9023559191737087e-001  9.9023559191737087e-001 -5.1523644567955018e-001
  0.0000000000000000e+000  2.2940926468267362e+000  1.5425138702224985e+000  7.4454000970711176e-001  7.4454000970711176e-001 -2.2880338001682793e-001
  0.0000000000000000e+000  2.3191826314462212e+000  1.5581103939923626e+000  4.9871152574440625e-001  4.9871152574440625e-001 -7.2189220241306959e-002
  0.0000000000000000e+000  2.3472703666062134e+000  1.5682526139655091e+000  2.2346370807264332e-001  2.2346370807264332e-001 -1.4035914327860012e-002
  0.0000000000000000e+000  2.3753581017662055e+000  1.5706634604543681e+000 -5.1799336930710371e-002 -5.1799336930710371e-002  2.0298798411844438e-003
  0.0000000000000000e+000  2.4034458369261982e+000  1.5653427167533978e+000 -3.2706218615982663e-001 -3.2706218615982663e-001  2.9868796051720613e-002
  0.0000000000000000e+000  2.4315335720861904e+000  1.5522907950521163e+000 -6.0229904564405035e-001 -6.0229904564405035e-001  1.2057538420895558e-001
  0.0000000000000000e+000  2.4567634481083180e+000  1.5339769984008380e+000 -8.4945497862042074e-001 -8.4945497862042074e-001  3.3232980897707032e-001
  0.0000000000000000e+000  2.4819933241304462e+000  1.5094291643474376e+000 -1.0964118241108878e+000 -1.0964118241108878e+000  6.9222123241677103e-001
  0.0000000000000000e+000  2.5072232001525743e+000  1.4786554256387019e+000 -1.3429389629957416e+000 -1.3429389629957416e+000  1.2512593609282947e+000
  0.0000000000000000e+000  2.5324530761747019e+000  1.4416713678823132e+000 -1.5886783917319887e+000 -1.5886783917319887e+000  2.1006399712065837e+000
  0.0000000000000000e+000  2.5597553174888477e+000  1.3946831220003022e+000 -1.8531287551646267e+000 -1.8531287551646267e+000  3.2440111764410102e+000
  0.0000000000000000e+000  2.5870575588029938e+000  1.3405039098284983e+000 -2.1151872950740795e+000 -2.1151872950740795e+000  4.7993615837599641e+000
  0.0000000000000000e+000  2.6143598001171395e+000  1.2792154228420434e+000 -2.3736933419808586e+000 -2.3736933419808586e+000  6.7578503262104377e+000
  0.0000000000000000e+000  2.6416620414312852e+000  1.2109351468210099e+000 -2.6271857760715949e+000 -2.6271857760715949e+000  8.9693288629864671e+000
  0.0000000000000000e+000  2.6660536455396322e+000  1.1441488834738409e+000 -2.8479797380494607e+000 -2.8479797380494607e+000  1.1603192802150504e+001
  0.0000000000000000e+000  2.6904452496479792e+000  1.0720573583146145e+000 -3.0618821719600589e+000 -3.0618821719600589e+000  1.4399968147581511e+001
  0.0000000000000000e+000  2.7148368537563257e+000  9.9484935787720552e-001 -3.2672298875918617e+000 -3.2672298875918617e+000  1.7476168043784817e+001
  0.0000000000000000e+000  2.7392284578646726e+000  9.1275595578549740e-001 -3.4621956895471251e+000 -3.4621956895471251e+000  2.0332956964315748e+001
  0.0000000000000000e+000  2.7582019186252369e+000  8.4569473419100660e-001 -3.6054170316772560e+000 -3.6054170316772560e+000  2.3440778829554745e+001
  0.0000000000000000e+000  2.7771753793858007e+000  7.7599466521833538e-001 -3.7401981741641190e+000 -3.7401981741641190e+000  2.6159554991385175e+001
  0.0000000000000000e+000  2.7961488401463646e+000  7.0382530838726065e-001 -3.8655609213849034e+000 -3.8655609213849034e+000  2.8869645394841950e+001
  0.0000000000000000e+000  2.8151223009069288e+000  6.2937444719973246e-001 -3.9805317449800648e+000 -3.9805317449800648e+000  3.1513801600122942e+001
  0.0000000000000000e+000  2.8340957616674931e+000  5.5284792811276873e-001 -4.0841556430711181e+000 -4.0841556430711181e+000  3.4030750876089748e+001
  0.0000000000000000e+000  2.8530692224280569e+000  4.7447052229566272e-001 -4.1755195765029347e+000 -4.1755195765029347e+000  3.6357759725383097e+001
  0.0000000000000000e+000  2.8720426831886208e+000  3.9448293271103541e-001 -4.2537860784376234e+000 -4.2537860784376234e+000  3.8433510685965416e+001
  0.0000000000000000e+000  2.8910161439491850e+000  3.1314034819567704e-001 -4.3182105046895156e+000 -4.3182105046895156e+000  4.0082305303081796e+001
  0.0000000000000000e+000  2.9074448040812531e+000  2.4182029240288250e-001 -4.3623148276735524e+000 -4.3623148276735524e+000  4.1456860565589544e+001
  0.0000000000000000e+000  2.9238734642133211e+000  1.6986747274582353e-001 -4.3952222853727596e+000 -4.3952222853727596e+000  4.2399520069888879e+001
  0.0000000000000000e+000  2.9403021243453891e+000  9.7468009190535942e-002 -4.4166782000504661e+000 -4.4166782000504661e+000  4.3021851776016113e+001
  0.0000000000000000e+000  2.9567307844774571e+000  2.4811137256199323e-002 -4.4265155006299963e+000 -4.4265155006299963e+000  4.3308128490875404e+001
  0.0000000000000000e+000  2.9719424842607030e+000 -4.2526537737935480e-002 -4.4251951212864551e+000 -4.4251951212864551e+000  4.3278813653249053e+001
  0.0000000000000000e+000  2.9871541840439488e+000 -1.0976769004989020e-001 -4.4138547941132291e+000 -4.4138547941132291e+000  4.2947576143266637e+001
  0.0000000000000000e+000  3.0023658838271947e+000 -1.7676042202428693e-001 -4.3925707378107015e+000 -4.3925707378107015e+000  4.2330653523765569e+001
  0.0000000000000000e+000  3.0175775836104406e+000 -2.4335475161360631e-001 -4.3614858449925711e+000 -4.3614858449925711e+000  4.1447444871958240e+001
  0.0000000000000000e+000  3.0326212037318889e+000 -3.0867681996937435e-001 -4.3213079072416818e+000 -4.3213079072416818e+000  4.0309041103278396e+001
  0.0000000000000000e+000  3.0476648238533377e+000 -3.7332534596685563e-001 -4.2720041367402004e+000 -4.2720041367402004e+000  3.8947840365115134e+001
  0.0000000000000000e+000  3.0627084439747860e+000 -4.3716530258446229e-001 -4.2138820557134355e+000 -4.2138820557134355e+000  3.7382972735884920e+001
  0.0000000000000000e+000  3.0777520640962344e+000 -5.0006684004291335e-001 -4.1472955595797956e+000 -4.1472955595797956e+000  3.5601499021888671e+001
  0.0000000000000000e+000  3.0933621126476032e+000 -5.6421159847158997e-001 -4.0696770330965393e+000 -4.0696770330965393e+000  3.3681062242737113e+001
  0.0000000000000000e+000  3.1089721611989720e+000 -6.2707995150338391e-001 -3.9838500858696237e+000 -3.9838500858696237e+000  3.1599289906507963e+001
  0.0000000000000000e+000  3.1245822097503408e+000 -6.8854765644091609e-001 -3.8903213977582380e+000 -3.8903213977582380e+000  2.9430278698366870e+001
  0.0000000000000000e+000  3.1401922583017097e+000 -7.4849871799777401e-001 -3.7896190027290078e+000 -3.7896190027290078e+000  2.7085526471047508e+001
  0.0000000000000000e+000  3.1572677365294783e+000 -8.1221394530801105e-001 -3.6718892596705093e+000 -3.6718892596705093e+000  2.4756246104776611e+001
  0.0000000000000000e+000  3.1743432147572470e+000 -8.7385627512699804e-001 -3.5469431545112666e+000 -3.5469431545112666e+000  2.2320286926971932e+001
  0.0000000000000000e+000  3.1914186929850157e+000 -9.3330845263136131e-001 -3.4154903378063270e+000 -3.4154903378063270e+000  1.9935583160898414e+001
  0.0000000000000000e+000  3.2084941712127844e+000 -9.9046536036612609e-001 -3.2782254935252393e+000 -3.2782254935252393e+000  1.7432900404677056e+001
  0.0000000000000000e+000  3.2282206970284517e+000 -1.0535169763777839e+000 -3.1132941987555163e+000 -3.1132941987555163e+000  1.5117516851478104e+001
  0.0000000000000000e+000  3.2479472228441191e+000 -1.1132557719285074e+000 -2.9424870232078422e+000 -2.9424870232078422e+000  1.2771746106325658e+001
  0.0000000000000000e+000  3.2676737486597860e+000 -1.1695746777375475e+000 -2.7667163792584177e+000 -2.7667163792584177e+000  1.0624980539154887e+001
  0.0000000000000000e+000  3.2874002744754534e+000 -1.2223839711412428e+000 -2.5868172012432211e+000 -2.5868172012432211e+000  8.5932856709436223e+000
  0.0000000000000000e+000  3.3090303030971695e+000 -1.2761681846569357e+000 -2.3857056317240559e+000 -2.3857056317240559e+000  6.8336444547132693e+000
  0.0000000000000000e+000  3.3306603317188856e+000 -1.3255668051601526e+000 -2.1814065467948387e+000 -2.1814065467948387e+000  5.2332775843316819e+000
  0.0000000000000000e+000  3.3522903603406018e+000 -1.3705187953582523e+000 -1.9746690121737736e+000 -1.9746690121737736e+000  3.8906791515066095e+000
  0.0000000000000000e+000  3.3739203889623179e+000 -1.4109780545813089e+000 -1.7661216112717142e+000 -1.7661216112717142e+000  2.7099169196711883e+000
  0.0000000000000000e+000  3.3989103783488281e+000 -1.4520856648370892e+000 -1.5235927624323344e+000 -1.5235927624323344e+000  1.8127032725264751e+000
  0.0000000000000000e+000  3.4239003677353383e+000 -1.4871178944361589e+000 -1.2799419201310174e+000 -1.2799419201310174e+000  1.0862262443769071e+000
  0.0000000000000000e+000  3.4488903571218485e+000 -1.5160521470960868e+000 -1.0356242111678866e+000 -1.0356242111678866e+000  5.8619044161119316e-001
  0.0000000000000000e+000  3.4738803465083588e+000 -1.5388754592105440e+000 -7.9095386968459136e-001 -7.9095386968459136e-001  2.6329812916256529e-001
  0.0000000000000000e+000  3.5005907647407275e+000 -1.5565074247766955e+000 -5.2926474381570188e-001 -5.2926474381570188e-001  9.2233576647164237e-002
  0.0000000000000000e+000  3.5273011829730967e+000 -1.5671486806136770e+000 -2.6751045738969847e-001 -2.6751045738969847e-001  1.8727323658208301e-002
  0.0000000000000000e+000  3.5540116012054654e+000 -1.5707981282852719e+000 -5.7455983766278029e-003 -5.7455983766278029e-003  1.9676826062797463e-004
  0.0000000000000000e+000  3.5807220194378342e+000 -1.5674556518494447e+000  2.5601364433340212e-001  2.5601364433340212e-001 -1.5575735085696259e-002
  0.0000000000000000e+000  3.6059175215968571e+000 -1.5578949416037555e+000  5.0291910946975316e-001  5.0291910946975316e-001 -7.8909373526487830e-002
  0.0000000000000000e+000  3.6311130237558800e+000 -1.5421133892515912e+000  7.4978366305377608e-001  7.4978366305377608e-001 -2.3354653659316638e-001
  0.0000000000000000e+000  3.6563085259149033e+000 -1.5201134159576617e+000  9.9650757002987755e-001  9.9650757002987755e-001 -5.2495534005493338e-001
  0.0000000000000000e+000  3.6815040280739262e+000 -1.4919010836506521e+000  1.2429036254967911e+000  1.2429036254967911e+000 -1.0156187076291017e+000
  0.0000000000000000e+000  3.7079218690861491e+000 -1.4556611203305028e+000  1.5005788952272430e+000  1.5005788952272430e+000 -1.7383307012394829e+000
  0.0000000000000000e+000  3.7343397100983715e+000 -1.4126274214715915e+000  1.7570621907110180e+000  1.7570621907110180e+000 -2.7681287320678800e+000
  0.0000000000000000e+000  3.7607575511105944e+000 -1.3628413867231313e+000  2.0116332669681496e+000  2.0116332669681496e+000 -4.1317058648488532e+000
  0.0000000000000000e+000  3.7871753921228173e+000 -1.3063665545511116e+000  2.2633385015558067e+000  2.2633385015558067e+000 -5.7984200755383659e+000
  0.0000000000000000e+000  3.8121626360534031e+000 -1.2468755604885446e+000  2.4976952416690801e+000  2.4976952416690801e+000 -7.8504108890622373e+000
  0.0000000000000000e+000  3.8371498799839889e+000 -1.1815860418603668e+000  2.7271674954863596e+000  2.7271674954863596e+000 -1.0199601475334847e+001
  0.0000000000000000e+000  3.8621371239145752e+000 -1.1106387998927785e+000  2.9502886551094010e+000  2.9502886551094010e+000 -1.2893243966706590e+001
  0.0000000000000000e+000  3.8871243678451610e+000 -1.0342138086046546e+000  3.1653783678713800e+000  3.1653783678713800e+000 -1.5914719129452822e+001
  0.0000000000000000e+000  3.9122677857632411e+000 -9.5200687846642218e-001  3.3718063305521535e+000  3.3718063305521535e+000 -1.9200312647958501e+001
  0.0000000000000000e+000  3.9374112036813216e+000 -8.6475753329013705e-001  3.5660960939608017e+000  3.5660960939608017e+000 -2.2691898967612651e+001
  0.0000000000000000e+000  3.9625546215994016e+000 -7.7279918029385541e-001  3.7460421041969649e+000  3.7460421041969649e+000 -2.6280663925152524e+001
  0.0000000000000000e+000  3.9876980395174817e+000 -6.7652060386516721e-001  3.9093829397776854e+000  3.9093829397776854e+000 -2.9165929564493407e+001
  0.0000000000000000e+000  4.0043579438128081e+000 -6.1056249100385962e-001  4.0073497617184062e+000  4.0073497617184062e+000 -3.2158313641324469e+001
  0.0000000000000000e+000  4.0210178481081336e+000 -5.4304590467982472e-001  4.0963865746724890e+000  4.0963865746724890e+000 -3.4343872598267623e+001
  0.0000000000000000e+000  4.0376777524034591e+000 -4.7412474931742810e-001  4.1758870009503504e+000  4.1758870009503504e+000 -3.6377032963762261e+001
  0.0000000000000000e+000  4.0543376566987854e+000 -4.0396241324233662e-001  4.2452880537092144e+000  4.2452880537092144e+000 -3.8216150814601370e+001
  0.0000000000000000e+000  4.0709975609941118e+000 -3.3273131030286018e-001  4.3040773107499009e+000  4.3040773107499009e+000 -3.9821524024477235e+001
  0.0000000000000000e+000  4.0876574652894373e+000 -2.6061258131328779e-001  4.3518064575956581e+000  4.3518064575956581e+000 -4.1157280875148658e+001
  0.0000000000000000e+000  4.1043173695847628e+000 -1.8779365872755163e-001  4.3881046254066929e+000  4.3881046254066929e+000 -4.2192950611971675e+001
  0.0000000000000000e+000  4.1209772738800892e+000 -1.1446709600401095e-001  4.4126854963888551e+000  4.4126854963888551e+000 -4.2884720892777842e+001
  0.0000000000000000e+000  4.1364119980981346e+000 -4.6251392709769260e-002  4.4248278278622415e+000  4.4248278278622415e+000 -4.3266646170541406e+001
  0.0000000000000000e+000  4.1518467223161792e+000  2.2072004332305134e-002  4.4266566966059848e+000  4.4266566966059848e+000 -4.3320077228680411e+001
  0.0000000000000000e+000  4.1672814465342247e+000  9.0343748110552097e-002  4.4181589932342442e+000  4.4181589932342442e+000 -4.3071653131583169e+001
  0.0000000000000000e+000  4.1827161707522702e+000  1.5840511982144667e-001  4.3993942167117792e+000  4.3993942167117792e+000 -4.2538802755662488e+001
  0.0000000000000000e+000  4.1977294709102413e+000  2.2425655418121182e-001  4.3714148476563732e+000  4.3714148476563732e+000 -4.1724593242293359e+001
  0.0000000000000000e+000  4.2127427710682115e+000  2.8961689478582103e-001  4.3340266789522177e+000  4.3340266789522177e+000 -4.0665321504037948e+001
  0.0000000000000000e+000  4.2277560712261817e+000  3.5434661893597763e-001  4.2874679662814081e+000  4.2874679662814081e+000 -3.9371548795689847e+001
  0.0000000000000000e+000  4.2427693713841528e+000  4.1831039506107320e-001  4.2320301800840321e+000  4.2320301800840321e+000 -3.7845821463732136e+001
  0.0000000000000000e+000  4.2581155643902013e+000  4.8276470461388343e-001  4.1665412082886055e+000  4.1665412082886055e+000 -3.6138839651220486e+001
  0.0000000000000000e+000  4.2734617573962499e+000  5.4614805431699542e-001  4.0925393210930565e+000  4.0925393210930565e+000 -3.4251274407190820e+001
  0.0000000000000000e+000  4.2888079504022985e+000  6.0833315055995651e-001  4.0104684729283830e+000  4.0104684729283830e+000 -3.2236010315305755e+001
  0.0000000000000000e+000  4.3041541434083470e+000  6.6919992502504622e-001  3.9208028403559507e+000  3.9208028403559507e+000 -3.0033596941462974e+001
  0.0000000000000000e+000  4.3206273733233242e+000  7.3294135046128983e-001  3.8166689550596975e+000  3.8166689550596975e+000 -2.7793331136356837e+001
  0.0000000000000000e+000  4.3371006032383015e+000  7.9490434788061193e-001  3.7049935782895647e+000  3.7049935782895647e+000 -2.5429965817877470e+001
  0.0000000000000000e+000  4.3535738331532796e+000  8.5496988329129175e-001  3.5864174408832366e+000  3.5864174408832366e+000 -2.3071266332617441e+001
  0.0000000000000000e+000  4.3700470630682569e+000  9.1302962192953485e-001  3.4615800159041896e+000  3.4615800159041896e+000 -2.0546761163342484e+001
  0.0000000000000000e+000  4.3890590772212112e+000  9.7741658488119043e-001  3.3105448768097281e+000  3.3105448768097281e+000 -1.8162694631121344e+001
  0.0000000000000000e+000  4.4080710913741648e+000  1.0388684047828327e+000  3.1529500388787253e+000  3.1529500388787253e+000 -1.5698324942181495e+001
  0.0000000000000000e+000  4.4270831055271191e+000  1.0972686913285772e+000  2.9896857047832208e+000  2.9896857047832208e+000 -1.3391382896848494e+001
  0.0000000000000000e+000  4.4460951196800735e+000  1.1525175720288332e+000  2.8215851287587270e+000  2.8215851287587270e+000 -1.1154771363916241e+001
  0.0000000000000000e+000  4.4669235293708889e+000  1.2093279916995903e+000  2.6327843011066401e+000  2.6327843011066401e+000 -9.1656304143431395e+000
  0.0000000000000000e+000  4.4877519390617042e+000  1.2621635085648240e+000  2.4400160503518364e+000  2.4400160503518364e+000 -7.3048845553901156e+000
  0.0000000000000000e+000  4.5085803487525196e+000  1.3109497187216512e+000  2.2440876761788480e+000  2.2440876761788480e+000 -5.6910004998949981e+000
  0.0000000000000000e+000  4.5294087584433349e+000  1.3556279732002261e+000  2.0456994244202527e+000  2.0456994244202527e+000 -4.2028395093302553e+000
  0.0000000000000000e+000  4.5537756958690885e+000  1.4026233968896316e+000  1.8112779629232938e+000  1.8112779629232938e+000 -3.0197990899651197e+000
  0.0000000000000000e+000  4.5781426332948412e+000  1.4438841513349687e+000  1.5750749642824469e+000  1.5750749642824469e+000 -1.9971783720696592e+000
  0.0000000000000000e+000  4.6025095707205939e+000  1.4793739777804360e+000  1.3376987580435893e+000  1.3376987580435893e+000 -1.2343149403575386e+000
  0.0000000000000000e+000  4.6268765081463474e+000  1.5090695862412553e+000  1.0996038552088658e+000  1.0996038552088658e+000 -6.8323961299557223e-001
  0.0000000000000000e+000  4.6526227880710769e+000  1.5341367185058461e+000  8.4759811007564478e-001  8.4759811007564478e-001 -3.3134256413252949e-001
  0.0000000000000000e+000  4.6783690679958063e+000  1.5527127732597528e+000  5.9537682529010050e-001  5.9537682529010050e-001 -1.2444436559518605e-001
  0.0000000000000000e+000  4.7041153479205349e+000  1.5647938473008676e+000  3.4307893166310199e-001  3.4307893166310199e-001 -3.1101089151652220e-002
  0.0000000000000000e+000  4.7298616278452643e+000  1.5703786825872608e+000  9.0768757995274285e-002  9.0768757995274285e-002 -3.2408865378874370e-003
  0.0000000000000000e+000  4.7557624503564027e+000  1.5694426428451536e+000 -1.6305652828182660e-001 -1.6305652828182660e-001  7.4159823050394978e-003
  0.0000000000000000e+000  4.7816632728675401e+000  1.5619320751010755e+000 -4.1688359527971941e-001 -4.1688359527971941e-001  4.9641432272389353e-002
  0.0000000000000000e+000  4.8075640953786785e+000  1.5478474031994798e+000 -6.7068229475296104e-001 -6.7068229475296104e-001  1.7240132785273116e-001
  0.0000000000000000e+000  4.8334649178898168e+000  1.5271905711847045e+000 -9.2436771057441969e-001 -9.2436771057441969e-001  4.1962642487059576e-001
  0.0000000000000000e+000  4.8587941262441259e+000  1.5006380294445860e+000 -1.1721903564933855e+000 -1.1721903564933855e+000  8.4102522073142461e-001
  0.0000000000000000e+000  4.8841233345984341e+000  1.4678136609578991e+000 -1.4194888847886484e+000 -1.4194888847886484e+000  1.4728516572945272e+000
  0.0000000000000000e+000  4.9094525429527422e+000  1.4287361577028017e+000 -1.6658564764498194e+000 -1.6658564764498194e+000  2.3606074047315135e+000
  0.0000000000000000e+000  4.9347817513070513e+000  1.3834366301762027e+000 -1.9107215744778507e+000 -1.9107215744778507e+000  3.5633389002852844e+000
  0.0000000000000000e+000  4.9607403412370452e+000  1.3306046185203351e+000 -2.1593247659964550e+000 -2.1593247659964550e+000  5.0959265385147319e+000
  0.0000000000000000e+000  4.9866989311670400e+000  1.2713599929523545e+000 -2.4045156496618452e+000 -2.4045156496618452e+000  7.0152041724063823e+000
  0.0000000000000000e+000  5.0126575210970348e+000  1.2058085967132957e+000 -2.6450003936906108e+000 -2.6450003936906108e+000  9.3157777921530602e+000
  0.0000000000000000e+000  5.0386161110270287e+000  1.1340931298553729e+000 -2.8792288595818416e+000 -2.8792288595818416e+000  1.1886866565892698e+001
  0.0000000000000000e+000  5.0629636144883285e+000  1.0613893537062111e+000 -3.0916349869214885e+000 -3.0916349869214885e+000  1.4821126317512929e+001
  0.0000000000000000e+000  5.0873111179496275e+000  9.8361686640039081e-001 -3.2952625504471484e+000 -3.2952625504471484e+000  1.7927213619056143e+001
  0.0000000000000000e+000  5.1116586214109265e+000  9.0101222028074501e-001 -3.4882714368608130e+000 -3.4882714368608130e+000  2.1245210861214844e+001
  0.0000000000000000e+000  5.1360061248722264e+000  8.1385782702873466e-001 -3.6686991295990685e+000 -3.6686991295990685e+000  2.4130539798115333e+001
  0.0000000000000000e+000  5.1535823194714698e+000  7.4829844495401709e-001 -3.7899702162871516e+000 -3.7899702162871516e+000  2.7215045902873701e+001
  0.0000000000000000e+000  5.1711585140707133e+000  6.8068042649813310e-001 -3.9028309971164186e+000 -3.9028309971164186e+000  2.9711957665752387e+001
  0.0000000000000000e+000  5.1887347086699576e+000  6.1115846855460165e-001 -4.0065104969302734e+000 -4.0065104969302734e+000  3.2136082694686181e+001
  0.0000000000000000e+000  5.2063109032692010e+000  5.3990035431674277e-001 -4.1002614457894300e+000 -4.1002614457894300e+000  3.4438372156077122e+001
  0.0000000000000000e+000  5.2238870978684444e+000  4.6708664459126642e-001 -4.1833701574765998e+000 -4.1833701574765998e+000  3.6568779317242914e+001
  0.0000000000000000e+000  5.2414632924676887e+000  3.9291087722220253e-001 -4.2551740646372451e+000 -4.2551740646372451e+000  3.8478412065684246e+001
  0.0000000000000000e+000  5.2590394870669321e+000  3.1757703510234314e-001 -4.3150833042256860e+000 -4.3150833042256860e+000  4.0121667213832374e+001
  0.0000000000000000e+000  5.2766156816661756e+000  2.4129832701599002e-001 -4.3625919461115652e+000 -4.3625919461115652e+000  4.1399240124179038e+001
  0.0000000000000000e+000  5.2925687380247286e+000  1.7143169727566338e-001 -4.3946271110876873e+000 -4.3946271110876873e+000  4.2385577821827482e+001
  0.0000000000000000e+000  5.3085217943832825e+000  1.0114006539063536e-001 -4.4158682105210216e+000 -4.4158682105210216e+000  4.3001488901268971e+001
  0.0000000000000000e+000  5.3244748507418365e+000  3.0596951689823931e-002 -4.4261581938802843e+000 -4.4261581938802843e+000  4.3302054178825792e+001
  0.0000000000000000e+000  5.3404279071003895e+000 -4.0022576988464675e-002 -4.4254212070817420e+000 -4.4254212070817420e+000  4.3289028983753973e+001
  0.0000000000000000e+000  5.3555249625119492e+000 -1.0676405949969275e-001 -4.4145722735660176e+000 -4.4145722735660176e+000  4.2969354277296041e+001
  0.0000000000000000e+000  5.3706220179235089e+000 -1.7326749802749039e-001 -4.3939247636383953e+000 -4.3939247636383953e+000  4.2370471883589175e+001
  0.0000000000000000e+000  5.3857190733350677e+000 -2.3938593461307417e-001 -4.3636147183888685e+000 -4.3636147183888685e+000  4.1501569952856471e+001
  0.0000000000000000e+000  5.4008161287466274e+000 -3.0497516863318941e-001 -4.3238402070679793e+000 -4.3238402070679793e+000  4.0378778848508475e+001
  0.0000000000000000e+000  5.4159284303912889e+000 -3.6995937558970104e-001 -4.2748039414097798e+000 -4.2748039414097798e+000  3.9024121642516924e+001
  0.0000000000000000e+000  5.4310407320359495e+000 -4.3413463370920879e-001 -4.2168522961217221e+000 -4.2168522961217221e+000  3.7461708023994127e+001
  0.0000000000000000e+000  5.4461530336806110e+000 -4.9736884751749177e-001 -4.1503415478447874e+000 -4.1503415478447874e+000  3.5720580217292472e+001
  0.0000000000000000e+000  5.4612653353252725e+000 -5.5953580985128515e-001 -4.0756690190623486e+000 -4.0756690190623486e+000  3.3773680994060911e+001
  0.0000000000000000e+000  5.4771248211981458e+000 -6.2349755601835211e-001 -3.9890012883362078e+000 -3.9890012883362078e+000  3.1721366802304537e+001
  0.0000000000000000e+000  5.4929843070710183e+000 -6.8602075432536236e-001 -3.8943542840408227e+000 -3.8943542840408227e+000  2.9521478542155062e+001
  0.0000000000000000e+000  5.5088437929438907e+000 -7.4698317287018767e-001 -3.7922807278719395e+000 -3.7922807278719395e+000  2.7265479617453124e+001
  0.0000000000000000e+000  5.5247032788167640e+000 -8.0627162334825642e-001 -3.6833475169040266e+000 -3.6833475169040266e+000  2.4840100039016860e+001
  0.0000000000000000e+000  5.5423298839978976e+000 -8.7007557302391625e-001 -3.5549272888609331e+000 -3.5549272888609331e+000  2.2471553443610475e+001
  0.0000000000000000e+000  5.5599564891790312e+000 -9.3155331800856356e-001 -3.4195280792046927e+000 -3.4195280792046927e+000  2.0007153918957716e+001
  0.0000000000000000e+000  5.5775830943601648e+000 -9.9058848242129649e-001 -3.2779149711210152e+000 -3.2779149711210152e+000  1.7629515396086653e+001
  0.0000000000000000e+000  5.5952096995412983e+000 -1.0470780809231719e+000 -3.1308260534869334e+000 -3.1308260534869334e+000  1.5195571599143523e+001
  0.0000000000000000e+000  5.6152549685736677e+000 -1.1081114717635627e+000 -2.9577937724745835e+000 -2.9577937724745835e+000  1.2972395140107615e+001
  0.0000000000000000e+000  5.6353002376060379e+000 -1.1656229269192051e+000 -2.7795566419974400e+000 -2.7795566419974400e+000  1.0774199866779195e+001
  0.0000000000000000e+000  5.6553455066384082e+000 -1.2195168008173518e+000 -2.5969976706500946e+000 -2.5969976706500946e+000  8.7957117967452287e+000
  0.0000000000000000e+000  5.6753907756707775e+000 -1.2697143530432111e+000 -2.4109115620366510e+000 -2.4109115620366510e+000  6.9387548276415085e+000
  0.0000000000000000e+000  5.6977734142553267e+000 -1.3213200577445636e+000 -2.1998210077864995e+000 -2.1998210077864995e+000  5.3690586867976995e+000
  0.0000000000000000e+000  5.7201560528398758e+000 -1.3681700099786198e+000 -1.9860509355961744e+000 -1.9860509355961744e+000  3.9607270617072565e+000
  0.0000000000000000e+000  5.7425386914244250e+000 -1.4102119274866431e+000 -1.7703074350915760e+000 -1.7703074350915760e+000  2.8144030188602573e+000
  0.0000000000000000e+000  5.7649213300089741e+000 -1.4474078934620764e+000 -1.5531655262780628e+000 -1.5531655262780628e+000  1.8598268656310701e+000
  0.0000000000000000e+000  5.7899483093260784e+000 -1.4832286128740819e+000 -1.3092663464095062e+000 -1.3092663464095062e+000  1.1608806861514191e+000
  0.0000000000000000e+000  5.8149752886431827e+000 -1.5129359056522020e+000 -1.0646481632430707e+000 -1.0646481632430707e+000  6.3515424470885717e-001
  0.0000000000000000e+000  5.8400022679602879e+000 -1.5365157082517353e+000 -8.1964177208275846e-001 -8.1964177208275846e-001  2.9989594875523895e-001
  0.0000000000000000e+000  5.8650292472773922e+000 -1.5539607706420324e+000 -5.7445921879531692e-001 -5.7445921879531692e-001  1.0611585947939366e-001
  0.0000000000000000e+000  5.8927130647944814e+000 -1.5661090204516801e+000 -3.0317724041059657e-001 -3.0317724041059657e-001  2.5083089420406542e-002
  0.0000000000000000e+000  5.9203968823115698e+000 -1.5707468072814321e+000 -3.1873344897424216e-002 -3.1873344897424216e-002  1.1885055666517130e-003
  0.0000000000000000e+000  5.9480806998286591e+000 -1.5678737821275723e+000  2.3943159572374029e-001  2.3943159572374029e-001 -1.5668725344867046e-002
  0.0000000000000000e+000  5.9757645173457483e+000 -1.5574901591099199e+000  5.1072110219856459e-001  5.1072110219856459e-001 -7.7902571572555174e-002
  0.0000000000000000e+000  6.0009729864096011e+000 -1.5415026650960351e+000  7.5770578560250101e-001  7.5770578560250101e-001 -2.4056853502717118e-001
  0.0000000000000000e+000  6.0261814554734539e+000 -1.5192901259599956e+000  1.0045491755719707e+000  1.0045491755719707e+000 -5.3731906458389578e-001
  0.0000000000000000e+000  6.0513899245373066e+000 -1.4908586823799848e+000  1.2510611545743546e+000  1.2510611545743546e+000 -1.0166904785469510e+000
  0.0000000000000000e+000  6.0765983936011594e+000 -1.4562207652139840e+000  1.4969349268746446e+000  1.4969349268746446e+000 -1.7658458165444091e+000
  0.0000000000000000e+000  6.1038984230744937e+000 -1.4117335451444712e+000  1.7619731588890186e+000  1.7619731588890186e+000 -2.7948553581336384e+000
  0.0000000000000000e+000  6.1311984525478280e+000 -1.3600355675833029e+000  2.0249543599263164e+000  2.0249543599263164e+000 -4.2176221228678461e+000
  0.0000000000000000e+000  6.1584984820211623e+000 -1.3011980092634217e+000  2.2848167062357883e+000  2.2848167062357883e+000 -6.0337743307651435e+000
  0.0000000000000000e+000  6.1857985114944967e+000 -1.2353250544269834e+000  2.5402050647758707e+000  2.5402050647758707e+000 -8.1136069124917078e+000
  0.0000000000000000e+000  6.2102938624694621e+000 -1.1703472962300863e+000  2.7641933260369980e+000  2.7641933260369980e+000 -1.0615498773079940e+001
  0.0000000000000000e+000  6.2347892134444276e+000 -1.0999569740922297e+000  2.9818251899642969e+000  2.9818251899642969e+000 -1.3306496056732119e+001
  0.0000000000000000e+000  6.2592845644193931e+000 -1.0243299685783800e+000  3.1914866081742042e+000  3.1914866081742042e+000 -1.6295626310999094e+001
  0.0000000000000000e+000  6.2837799153943585e+000 -9.4368362120806903e-001  3.3913866337994172e+000  3.3913866337994172e+000 -1.9143326257902586e+001
  0.0000000000000000e+000  6.3034250351311014e+000 -8.7555355167078042e-001  3.5433408398597535e+000  3.5433408398597535e+000 -2.2255428865393899e+001
  0.0000000000000000e+000  6.3230701548678443e+000 -8.0452095146989799e-001  3.6867047973842815e+000  3.6867047973842815e+000 -2.5056930194284572e+001
  0.0000000000000000e+000  6.3427152746045872e+000 -7.3076535390191555e-001  3.8203979466149671e+000  3.8203979466149671e+000 -2.7872338874542606e+001
  0.0000000000000000e+000  6.3623603943413300e+000 -6.5448723914833473e-001  3.9433361026083986e+000  3.9433361026083986e+000 -3.0640280182109585e+001
  0.0000000000000000e+000  6.3820055140780729e+000 -5.7590793916925787e-001  4.0544475429756623e+000  4.0544475429756623e+000 -3.3293991703246441e+001
  0.0000000000000000e+000  6.4016506338148158e+000 -4.9527085503547652e-001  4.1526997450584773e+000  4.1526997450584773e+000 -3.5764137214453605e+001
  0.0000000000000000e+000  6.4212957535515587e+000 -4.1283813635102240e-001  4.2371397129970285e+000  4.2371397129970285e+000 -3.7982097333873241e+001
  0.0000000000000000e+000  6.4409408732883016e+000 -3.2888907351025676e-001  4.3069145954337209e+000  4.3069145954337209e+000 -3.9733912852736509e+001
  0.0000000000000000e+000  6.4575208943769953e+000 -2.5707562683089696e-001  4.3538423699721109e+000  4.3538423699721109e+000 -4.1215571309342820e+001
  0.0000000000000000e+000  6.4741009154656890e+000 -1.8457791306148344e-001  4.3894322555240164e+000  4.3894322555240164e+000 -4.2231705505977722e+001
  0.0000000000000000e+000  6.4906809365543827e+000 -1.1158631395480967e-001  4.4134046749336946e+000  4.4134046749336946e+000 -4.2925556480345136e+001
  0.0000000000000000e+000  6.5072609576430764e+000 -3.8294740341371036e-002  4.4255698627509243e+000  4.4255698627509243e+000 -4.3276336885062371e+001
  0.0000000000000000e+000  6.5225044198091950e+000  2.9184429098883066e-002  4.4262504245158700e+000  4.4262504245158700e+000 -4.3309583009411696e+001
  0.0000000000000000e+000  6.5377478819753136e+000  9.6597015748358661e-002  4.4168619264514506e+000  4.4168619264514506e+000 -4.3035089079424381e+001
  0.0000000000000000e+000  6.5529913441414314e+000  1.6378995777435615e-001  4.3974677285845409e+000  4.3974677285845409e+000 -4.2471947010103641e+001
  0.0000000000000000e+000  6.5682348063075500e+000  2.3061192717773160e-001  4.3681988486886425e+000  4.3681988486886425e+000 -4.1639882155833014e+001
  0.0000000000000000e+000  6.5832691730798230e+000  2.9600853985525916e-001  4.3298499710996055e+000  4.3298499710996055e+000 -4.0548150699923319e+001
  0.0000000000000000e+000  6.5983035398520959e+000  3.6075921147220497e-001  4.2823323352762221e+000  4.2823323352762221e+000 -3.9230508081101860e+001
  0.0000000000000000e+000  6.6133379066243689e+000  4.2472827598915630e-001  4.2259432430716570e+000  4.2259432430716570e+000 -3.7704302780839832e+001
  0.0000000000000000e+000  6.6283722733966419e+000  4.8778509764380068e-001  4.1610274304359729e+000  4.1610274304359729e+000 -3.5959215387908337e+001
  0.0000000000000000e+000  6.6439371154609894e+000  5.5197222037642235e-001  4.0852510416686432e+000  4.0852510416686432e+000 -3.4068521378452736e+001
  0.0000000000000000e+000  6.6595019575253378e+000  6.1491495442253419e-001  4.0012197091822026e+000  4.0012197091822026e+000 -3.2013623194149261e+001
  0.0000000000000000e+000  6.6750667995896862e+000  6.7648861983458275e-001  3.9094306703559649e+000  3.9094306703559649e+000 -2.9865229790038555e+001
  0.0000000000000000e+000  6.6906316416540337e+000  7.3657662591785023e-001  3.8104039168524215e+000  3.8104039168524215e+000 -2.7539545306803909e+001
  0.0000000000000000e+000  6.7076062513891754e+000  8.0028629186716727e-001  3.6947876711913827e+000  3.6947876711913827e+000 -2.5221070889629654e+001
  0.0000000000000000e+000  6.7245808611243172e+000  8.6197077548492795e-001  3.5719059695242263e+000  3.5719059695242263e+000 -2.2793547279935215e+001
  0.0000000000000000e+000  6.7415554708594589e+000  9.2151259117849171e-001  3.4424576643937099e+000  3.4424576643937099e+000 -2.0410126201227644e+001
  0.0000000000000000e+000  6.7585300805946007e+000  9.7880615667144422e-001  3.3071288828129211e+000  3.3071288828129211e+000 -1.7896545907643684e+001
  0.0000000000000000e+000  6.7781984944157783e+000  1.0422569651338285e+000  3.1438464725263042e+000  3.1438464725263042e+000 -1.5565116894058264e+001
  0.0000000000000000e+000  6.7978669082369558e+000  1.1024357654077412e+000  2.9745494788759705e+000  2.9745494788759705e+000 -1.3191964754661585e+001
  0.0000000000000000e+000  6.8175353220581334e+000  1.1592331270501677e+000  2.8001555050913161e+000  2.8001555050913161e+000 -1.1013073680571154e+001
  0.0000000000000000e+000  6.8372037358793110e+000  1.2125570448786858e+000  2.6215069660094104e+000  2.6215069660094104e+000 -8.9476163955910604e+000
  0.0000000000000000e+000  6.8586971001168555e+000  1.2667678666007236e+000  2.4223151504215017e+000  2.4223151504215017e+000 -7.1505985329170114e+000
  0.0000000000000000e+000  6.8801904643543992e+000  1.3166609049097631e+000  2.2198295420613654e+000  2.2198295420613654e+000 -5.5122149951795283e+000
  0.0000000000000000e+000  6.9016838285919437e+000  1.3621733126695648e+000  2.0148072973610418e+000  2.0148072973610418e+000 -4.1302911442293135e+000
  0.0000000000000000e+000  6.9231771928294883e+000  1.4032572839895647e+000  1.8078872011478306e+000  1.8078872011478306e+000 -2.9021550882686915e+000
  0.0000000000000000e+000  6.9481907259192441e+000  1.4454488266953482e+000  1.5653803726103812e+000  1.5653803726103812e+000 -1.9634099653705859e+000
  0.0000000000000000e+000  6.9732042590090000e+000  1.4815585694995859e+000  1.3216555365242959e+000  1.3216555365242959e+000 -1.1933600656483521e+000
  0.0000000000000000e+000  6.9982177920987558e+000  1.5115618366277734e+000  1.0771959300093983e+000  1.0771959300093983e+000 -6.5707280178294392e-001
  0.0000000000000000e+000  7.0232313251885117e+000  1.5354442365851315e+000  8.3233904631705580e-001  8.3233904631705580e-001 -3.0550047282965720e-001
  0.0000000000000000e+000  7.0497820640136917e+000  1.5540906496881595e+000  5.7223295611317027e-001  5.7223295611317027e-001 -1.1303604499224316e-001
  0.0000000000000000e+000  7.0763328028388717e+000  1.5658299941325040e+000  3.1204835706900924e-001  3.1204835706900924e-001 -2.5750105427600152e-002
  0.0000000000000000e+000  7.1028835416640517e+000  1.5706609343757614e+000  5.1848863121207955e-002  5.1848863121207955e-002 -1.8240064082300940e-003
  0.0000000000000000e+000  7.1294342804892317e+000  1.5685832773507464e+000 -2.0834578022472272e-001 -2.0834578022472272e-001  1.0503753860243919e-002
  0.0000000000000000e+000  7.1546391493061261e+000  1.5602192816249254e+000 -4.5534612140062969e-001 -4.5534612140062969e-001  6.1085639131814869e-002
  0.0000000000000000e+000  7.1798440181230196e+000  1.5456296456681515e+000 -7.0231640031869191e-001 -7.0231640031869191e-001  1.9459291215309954e-001
  0.0000000000000000e+000  7.2050488869399132e+000  1.5248163410053284e+000 -9.4917022586621891e-001 -9.4917022586621891e-001  4.5637205277444154e-001
  0.0000000000000000e+000  7.2302537557568076e+000  1.4977845776563239e+000 -1.1957390698602677e+000 -1.1957390698602677e+000  9.0506752641559085e-001
  0.0000000000000000e+000  7.2564811613965627e+000  1.4630653235896256e+000 -1.4517166044788259e+000 -1.4517166044788259e+000  1.5765215607082201e+000
  0.0000000000000000e+000  7.2827085670363170e+000  1.4216443159187475e+000 -1.7066299231301976e+000 -1.7066299231301976e+000  2.5391759297165946e+000
  0.0000000000000000e+000  7.3089359726760712e+000  1.3735585430481814e+000 -1.9598153006865171e+000 -1.9598153006865171e+000  3.8233427137989358e+000
  0.0000000000000000e+000  7.3351633783158263e+000  1.3188653366947585e+000 -2.2103873898458559e+000 -2.2103873898458559e+000  5.4154352208010232e+000
  0.0000000000000000e+000  7.3602709696953070e+000  1.2603922237248115e+000 -2.4467807322325452e+000 -2.4467807322325452e+000  7.3841946719265019e+000
  0.0000000000000000e+000  7.3853785610747877e+000  1.1960384576106788e+000 -2.6785368532660985e+000 -2.6785368532660985e+000  9.6678717131035548e+000
  0.0000000000000000e+000  7.4104861524542693e+000  1.1259389728945013e+000 -2.9042161871213956e+000 -2.9042161871213956e+000  1.2302891279815604e+001
  0.0000000000000000e+000  7.4355937438337500e+000  1.0502674847482962e+000 -3.1221588905767894e+000 -3.1221588905767894e+000  1.5251499584671945e+001
  0.0000000000000000e+000  7.4605233387812007e+000  9.6983250132046372e-001 -3.3290613150933477e+000 -3.3290613150933477e+000  1.8482964401632334e+001
  0.0000000000000000e+000  7.4854529337286504e+000  8.8437813772545437e-001 -3.5244783823080756e+000 -3.5244783823080756e+000  2.1910893176212806e+001
  0.0000000000000000e+000  7.5103825286761010e+000  7.9421771962451659e-001 -3.7062813711844003e+000 -3.7062813711844003e+000  2.5457456739020174e+001
  0.0000000000000000e+000  7.5353121236235516e+000  6.9971779286492053e-001 -3.8722728667199027e+000 -3.8722728667199027e+000  2.8351029448880524e+001
  0.0000000000000000e+000  7.5521238940876083e+000  6.3374944488388441e-001 -3.9741626252494764e+000 -3.9741626252494764e+000  3.1367744699831803e+001
  0.0000000000000000e+000  7.5689356645516650e+000  5.6614191467356356e-001 -4.0671825234414811e+000 -4.0671825234414811e+000  3.3616085990794907e+001
  0.0000000000000000e+000  7.5857474350157217e+000  4.9704974310652306e-001 -4.1506973555015687e+000 -4.1506973555015687e+000  3.5723917473544006e+001
  0.0000000000000000e+000  7.6025592054797784e+000  4.2663754852446523e-001 -4.2241127484784888e+000 -4.2241127484784888e+000  3.7648024192781563e+001
  0.0000000000000000e+000  7.6193709759438351e+000  3.5507958437990850e-001 -4.2868828113792672e+000 -4.2868828113792672e+000  3.9346712597548034e+001
  0.0000000000000000e+000  7.6361827464078917e+000  2.8255950578568373e-001 -4.3385244295779675e+000 -4.3385244295779675e+000  4.0781765889998731e+001
  0.0000000000000000e+000  7.6529945168719484e+000  2.0926789782299357e-001 -4.3786319064576729e+000 -4.3786319064576729e+000  4.1920121802002228e+001
  0.0000000000000000e+000  7.6698062873360051e+000  1.3540108710261733e-001 -4.4068847282700734e+000 -4.4068847282700734e+000  4.2709465623575916e+001
  0.0000000000000000e+000  7.6853108491693352e+000  6.6941740293062657e-002 -4.4222312722941863e+000 -4.4222312722941863e+000  4.3190318837047663e+001
  0.0000000000000000e+000  7.7008154110026652e+000 -1.6749096051314749e-003 -4.4271890669882943e+000 -4.4271890669882943e+000  4.3335285745079346e+001
  0.0000000000000000e+000  7.7163199728359944e+000 -7.0287455045511565e-002 -4.4217228948185845e+000 -4.4217228948185845e+000  4.3175344722368656e+001
  0.0000000000000000e+000  7.7318245346693244e+000 -1.3873479243336023e-001 -4.4058715677097142e+000 -4.4058715677097142e+000  4.2726524385571530e+001
  0.0000000000000000e+000  7.7468414471953251e+000 -2.0472066881778778e-001 -4.3807229525004923e+000 -4.3807229525004923e+000  4.1991160488018885e+001
  0.0000000000000000e+000  7.7618583597213267e+000 -2.7025737393543181e-001 -4.3461007553358026e+000 -4.3461007553358026e+000  4.1005441625678735e+001
  0.0000000000000000e+000  7.7768752722473273e+000 -3.3520425503827878e-001 -4.3022267672388477e+000 -4.3022267672388477e+000  3.9778703601905789e+001
  0.0000000000000000e+000  7.7918921847733280e+000 -3.9942461871990831e-001 -4.2493775086672265e+000 -4.2493775086672265e+000  3.8316410957480450e+001
  0.0000000000000000e+000  7.8071892520347150e+000 -4.6395918638764622e-001 -4.1866528962484750e+000 -4.1866528962484750e+000  3.6663760780905726e+001
  0.0000000000000000e+000  7.8224863192961021e+000 -5.2746799952923140e-001 -4.1153467694190198e+000 -4.1153467694190198e+000  3.4826040583072874e+001
  0.0000000000000000e+000  7.8377833865574882e+000 -5.8982301232552581e-001 -4.0358885814906245e+000 -4.0358885814906245e+000  3.2851691401056719e+001
  0.0000000000000000e+000  7.8530804538188752e+000 -6.5090317664538155e-001 -3.9487399182098670e+000 -3.9487399182098670e+000  3.0687262371915100e+001
  0.0000000000000000e+000  7.8694354504401334e+000 -7.1466868123151983e-001 -3.8476100621329503e+000 -3.8476100621329503e+000  2.8473210795136374e+001
  0.0000000000000000e+000  7.8857904470613915e+000 -7.7671706144222641e-001 -3.7388644937946829e+000 -3.7388644937946829e+000  2.6132089351224675e+001
  0.0000000000000000e+000  7.9021454436826497e+000 -8.3692880174163475e-001 -3.6231288214854547e+000 -3.6231288214854547e+000  2.3785201597100770e+001
  0.0000000000000000e+000  7.9185004403039079e+000 -8.9519478755927373e-001 -3.5010302123932338e+000 -3.5010302123932338e+000  2.1272991151313160e+001
  0.0000000000000000e+000  7.9372379438242788e+000 -9.5943006638753192e-001 -3.3541254480294929e+000 -3.3541254480294929e+000  1.8886431050859862e+001
  0.0000000000000000e+000  7.9559754473446507e+000 -1.0208493781424195e+000 -3.2005946097223776e+000 -3.2005946097223776e+000  1.6417538357305748e+001
  0.0000000000000000e+000  7.9747129508650216e+000 -1.0793365507953443e+000 -3.0413039411412668e+000 -3.0413039411412668e+000  1.4093641174734319e+001
  0.0000000000000000e+000  7.9934504543853926e+000 -1.1347913020208145e+000 -2.8770687320792212e+000 -2.8770687320792212e+000  1.1817614631325156e+001
  0.0000000000000000e+000  8.0141273732334479e+000 -1.1923644248702776e+000 -2.6910049744956375e+000 -2.6910049744956375e+000  9.7835344555939088e+000
  0.0000000000000000e+000  8.0348042920815033e+000 -1.2460459795670924e+000 -2.5007670628366085e+000 -2.5007670628366085e+000  7.8605180363267273e+000
  0.0000000000000000e+000  8.0554812109295604e+000 -1.2957579837862048e+000 -2.3071771625255617e+000 -2.3071771625255617e+000  6.1809317901433252e+000
  0.0000000000000000e+000  8.0761581297776157e+000 -1.3414384396983676e+000 -2.1109533901213058e+000 -2.1109533901213058e+000  4.6272162526045015e+000
  0.0000000000000000e+000  8.1001167954745625e+000 -1.3892648515834367e+000 -1.8810974611284805e+000 -1.8810974611284805e+000  3.3765517050197227e+000
  0.0000000000000000e+000  8.1240754611715111e+000 -1.4315602743217650e+000 -1.6493145932965567e+000 -1.6493145932965567e+000  2.2869375917493975e+000
  0.0000000000000000e+000  8.1480341268684580e+000 -1.4682857969370380e+000 -1.4162312622840987e+000 -1.4162312622840987e+000  1.4584604989960659e+000
  0.0000000000000000e+000  8.1719927925654048e+000 -1.4994157466819564e+000 -1.1823244100011425e+000 -1.1823244100011425e+000  8.4153686736853017e-001
  0.0000000000000000e+000  8.1975540036190750e+000 -1.5264419203970314e+000 -9.3224630488552207e-001 -9.3224630488552207e-001  4.3421333449526639e-001
  0.0000000000000000e+000  8.2231152146727435e+000 -1.5470721015439428e+000 -6.8188937833624119e-001 -6.8188937833624119e-001  1.7989137537774613e-001
  0.0000000000000000e+000  8.2486764257264120e+000 -1.5613011538682344e+000 -4.3142151586763211e-001 -4.3142151586763211e-001  5.3677615590967780e-002
  0.0000000000000000e+000  8.2742376367800823e+000 -1.5691271976610133e+000 -1.8092754228550256e-001 -1.8092754228550256e-001  8.4445588401996490e-003
  0.0000000000000000e+000  8.3006594496283004e+000 -1.5704870299895504e+000  7.8003141861228142e-002  7.8003141861228142e-002 -2.8514378925446164e-003
  0.0000000000000000e+000  8.3270812624765185e+000 -1.5650051982186604e+000  3.3693826733041110e-001  3.3693826733041110e-001 -3.0416731154005235e-002
  0.0000000000000000e+000  8.3535030753247383e+000 -1.5526819336173301e+000  5.9585657571570094e-001  5.9585657571570094e-001 -1.2572993234870422e-001
  0.0000000000000000e+000  8.3799248881729564e+000 -1.5335186986807807e+000  8.5468869713524831e-001  8.5468869713524831e-001 -3.3250002337266821e-001
  0.0000000000000000e+000  8.4052436215805226e+000 -1.5087415452224491e+000  1.1025041472192991e+000  1.1025041472192991e+000 -7.0370968480149454e-001
  0.0000000000000000e+000  8.4305623549880906e+000 -1.4776943377586516e+000  1.3498833531684071e+000  1.3498833531684071e+000 -1.2706754938699545e+000
  0.0000000000000000e+000  8.4558810883956568e+000 -1.4403929923902903e+000  1.5964613839949964e+000  1.5964613839949964e+000 -2.0818597119938573e+000
  0.0000000000000000e+000  8.4811998218032230e+000 -1.3968646819406350e+000  1.8417161890103757e+000  1.8417161890103757e+000 -3.2042431377396885e+000
  0.0000000000000000e+000  8.5074097414179644e+000 -1.3452890370775969e+000  2.0934672107287007e+000  2.0934672107287007e+000 -4.6494540296953568e+000
  0.0000000000000000e+000  8.5336196610327057e+000 -1.2871530700853073e+000  2.3420467653528565e+000  2.3420467653528565e+000 -6.4883285816256224e+000
  0.0000000000000000e+000  8.5598295806474454e+000 -1.2225569526796372e+000  2.5861909436181705e+000  2.5861909436181705e+000 -8.7139592544064097e+000
  0.0000000000000000e+000  8.5860395002621868e+000 -1.1516374167391374e+000  2.8243706567016864e+000  2.8243706567016864e+000 -1.1204795535182567e+001
  0.0000000000000000e+000  8.6103536220762802e+000 -1.0803479645066121e+000  3.0384311833432691e+000  3.0384311833432691e+000 -1.4073268772898274e+001
  0.0000000000000000e+000  8.6346677438903718e+000 -1.0039509082993168e+000  3.2441803767761894e+000  3.2441803767761894e+000 -1.7110837484306792e+001
  0.0000000000000000e+000  8.6589818657044653e+000 -9.2267055922961483e-001  3.4398235785300888e+000  3.4398235785300888e+000 -2.0376935243917380e+001
  0.0000000000000000e+000  8.6832959875185587e+000 -8.3677607769328466e-001  3.6234339858330418e+000  3.6234339858330418e+000 -2.3251772069592011e+001
  0.0000000000000000e+000  8.7010587034995552e+000 -7.7128882776144292e-001  3.7487971249233385e+000  3.7487971249233385e+000 -2.6340162749440410e+001
  0.0000000000000000e+000  8.7188214194805536e+000 -7.0364749622471767e-001  3.8658469224615519e+000  3.8658469224615519e+000 -2.8877488370273888e+001
  0.0000000000000000e+000  8.7365841354615519e+000 -6.3400696197742112e-001  3.9737832181259263e+000  3.9737832181259263e+000 -3.1356894084941409e+001
  0.0000000000000000e+000  8.7543468514425484e+000 -5.6253588765363394e-001  4.0718253687361203e+000  4.0718253687361203e+000 -3.3728372017351326e+001
  0.0000000000000000e+000  8.7721095674235450e+000 -4.8941644687856428e-001  4.1592226126120417e+000  4.1592226126120417e+000 -3.5940330448307712e+001
  0.0000000000000000e+000  8.7898722834045433e+000 -4.1484463600628740e-001  4.2352722666961382e+000  4.2352722666961382e+000 -3.7941771119165558e+001
  0.0000000000000000e+000  8.8076349993855416e+000 -3.3902773498048100e-001  4.2993429520332427e+000  4.2993429520332427e+000 -3.9684510840002659e+001
  0.0000000000000000e+000  8.8253977153665382e+000 -2.6218308429347914e-001  4.3508866342485444e+000  4.3508866342485444e+000 -4.1058319648063240e+001
  0.0000000000000000e+000  8.8414622932099221e+000 -1.9198859142053898e-001  4.3863315762186481e+000  4.3863315762186481e+000 -4.2145970358517182e+001
  0.0000000000000000e+000  8.8575268710533077e+000 -1.2131203666604040e-001  4.4108927814923771e+000  4.4108927814923771e+000 -4.2855999411770696e+001
  0.0000000000000000e+000  8.8735914488966934e+000 -5.0329808112427654e-002  4.4243867262111598e+000  4.4243867262111598e+000 -4.3249531300446222e+001
  0.0000000000000000e+000  8.8896560267400773e+000  2.0779741682104169e-002  4.4267125558243423e+000  4.4267125558243423e+000 -4.3323960291680038e+001
  0.0000000000000000e+000  8.9047812986725869e+000  8.7686849815379886e-002  4.4186776002293309e+000  4.4186776002293309e+000 -4.3088970965298195e+001
  0.0000000000000000e+000  8.9199065706050966e+000  1.5439756558059670e-001  4.4007799253274795e+000  4.4007799253274795e+000 -4.2568551531618304e+001
  0.0000000000000000e+000  8.9350318425376081e+000  2.2076355403983269e-001  4.3731381409599273e+000  4.3731381409599273e+000 -4.1773196262576576e+001
  0.0000000000000000e+000  8.9501571144701177e+000  2.8663899291153172e-001  4.3359342633630122e+000  4.3359342633630122e+000 -4.0720310183074830e+001
  0.0000000000000000e+000  8.9652448151840982e+000  3.5171986905401037e-001  4.2895374006716871e+000  4.2895374006716871e+000 -3.9428309278712163e+001
  0.0000000000000000e+000  8.9803325158980769e+000  4.1603247448826025e-001  4.2341619949225118e+000  4.2341619949225118e+000 -3.7924089155385829e+001
  0.0000000000000000e+000  8.9954202166120574e+000  4.7944386742061240e-001  4.1701499200618573e+000  4.1701499200618573e+000 -3.6233513615548191e+001
  0.0000000000000000e+000  9.0105079173260378e+000  5.4182678239436133e-001  4.0978857171063208e+000  4.0978857171063208e+000 -3.4333978357362000e+001
  0.0000000000000000e+000  9.0262876317869640e+000  6.0583892069458456e-001  4.0139373116111745e+000  4.0139373116111745e+000 -3.2318803552690341e+001
  0.0000000000000000e+000  9.0420673462478884e+000  6.6846212762813306e-001  3.9219407414531400e+000  3.9219407414531400e+000 -3.0151983100280034e+001
  0.0000000000000000e+000  9.0578470607088128e+000  7.2957359128163368e-001  3.8224349443651784e+000  3.8224349443651784e+000 -2.7919641901462818e+001
  0.0000000000000000e+000  9.0736267751697390e+000  7.8905930042031747e-001  3.7159752447483809e+000  3.7159752447483809e+000 -2.5516252873998940e+001
  0.0000000000000000e+000  9.0910775311776355e+000  8.5282473221998178e-001  3.5908259081718010e+000  3.5908259081718010e+000 -2.3157134662615828e+001
  0.0000000000000000e+000  9.1085282871855320e+000  9.1434364836872928e-001  3.4586271061944642e+000  3.4586271061944642e+000 -2.0699067329736231e+001
  0.0000000000000000e+000  9.1259790431934302e+000  9.7349945751387601e-001  3.3201267893989472e+000  3.3201267893989472e+000 -1.8317026729345905e+001
  0.0000000000000000e+000  9.1434297992013267e+000  1.0301885623563451e+000  3.1760497222259296e+000  3.1760497222259296e+000 -1.5859840798963271e+001
  0.0000000000000000e+000  9.1633733816939529e+000  1.0918388951544009e+000  3.0054530502147707e+000  3.0054530502147707e+000 -1.3606690255786850e+001
  0.0000000000000000e+000  9.1833169641865808e+000  1.1500317181129289e+000  2.8294517756478945e+000  2.8294517756478945e+000 -1.1361960042992228e+001
  0.0000000000000000e+000  9.2032605466792070e+000  1.2046679828495583e+000  2.6489384300586964e+000  2.6489384300586964e+000 -9.3311772709162426e+000
  0.0000000000000000e+000  9.2232041291718332e+000  1.2556656887998285e+000  2.4647204186233775e+000  2.4647204186233775e+000 -7.4202668683091142e+000
  0.0000000000000000e+000  9.2453452813797021e+000  1.3079406863927621e+000  2.2567356804994434e+000  2.2567356804994434e+000 -5.7924903858785894e+000
  0.0000000000000000e+000  9.2674864335875711e+000  1.3555783138446940e+000  2.0459213863041312e+000  2.0459213863041312e+000 -4.3256342429080856e+000
  0.0000000000000000e+000  9.2896275857954418e+000  1.3985236835374908e+000  1.8329971036077117e+000  1.8329971036077117e+000 -3.1198953677176022e+000
  0.0000000000000000e+000  9.3117687380033107e+000  1.4367364552615642e+000  1.6185545593508999e+000  1.6185545593508999e+000 -2.0984829602976087e+000
  0.0000000000000000e+000  9.3367594038689550e+000  1.4741473245143670e+000  1.3752757616411342e+000  1.3752757616411342e+000 -1.3410269095512586e+000
  0.0000000000000000e+000  9.3617500697346010e+000  1.5054677131169469e+000  1.1311681305839625e+000  1.1311681305839625e+000 -7.5730904827746537e-001
  0.0000000000000000e+000  9.3867407356002452e+000  1.5306812630284417e+000  8.8659769996150839e-001  8.8659769996150839e-001 -3.7495153491103256e-001
  0.0000000000000000e+000  9.4117314014658895e+000  1.5497792190862978e+000  6.4180528639467160e-001  6.4180528639467160e-001 -1.4467153929393212e-001
  0.0000000000000000e+000  9.4390856503434861e+000  1.5636693807842816e+000  3.7376369415274879e-001  3.7376369415274879e-001 -3.9532329956869096e-002
  0.0000000000000000e+000  9.4664398992210828e+000  1.5702270191465033e+000  1.0569098271139643e-001  1.0569098271139643e-001 -4.3873643547588537e-003
  0.0000000000000000e+000  9.4937941480986776e+000  1.5694516247077559e+000 -1.6238413776819494e-001 -1.6238413776819494e-001  7.9744753693952418e-003
  0.0000000000000000e+000  9.5211483969762742e+000  1.5613432960393605e+000 -4.3044906733386978e-001 -4.3044906733386978e-001  5.0420751608242789e-002
  0.0000000000000000e+000  9.5463437547948296e+000  1.5473879723738337e+000 -6.7732795751274422e-001 -6.7732795751274422e-001  1.7598895916814061e-001
  0.0000000000000000e+000  9.5715391126133849e+000  1.5272130906398838e+000 -9.2410594370363608e-001 -9.2410594370363608e-001  4.2263418909318951e-001
  0.0000000000000000e+000  9.5967344704319402e+000  1.5008233521677132e+000 -1.1706249034452398e+000 -1.1706249034452398e+000  8.3740052879168392e-001
  0.0000000000000000e+000  9.6219298282504955e+000  1.4682288212990937e+000 -1.4166193546604748e+000 -1.4166193546604748e+000  1.4989723890832358e+000
  0.0000000000000000e+000  9.6489748404391786e+000  1.4263571338782037e+000 -1.6796396848392028e+000 -1.6796396848392028e+000  2.4257762013936035e+000
  0.0000000000000000e+000  9.6760198526278636e+000  1.3773927758311797e+000 -1.9409102898890891e+000 -1.9409102898890891e+000  3.7189042451781424e+000
  0.0000000000000000e+000  9.7030648648165467e+000  1.3213963639354585e+000 -2.1994838262380210e+000 -2.1994838262380210e+000  5.3879419830430439e+000
  0.0000000000000000e+000  9.7301098770052299e+000  1.2584578797611452e+000 -2.4541377462019165e+000 -2.4541377462019165e+000  7.3354392564621094e+000
  0.0000000000000000e+000  9.7547319611688756e+000  1.1952249771979386e+000 -2.6813030139985727e+000 -2.6813030139985727e+000  9.6953529889106491e+000
  0.0000000000000000e+000  9.7793540453325214e+000  1.1264672752443559e+000 -2.9026048993854028e+000 -2.9026048993854028e+000  1.2280535975750531e+001
  0.0000000000000000e+000  9.8039761294961654e+000  1.0523488456426959e+000 -3.1164766092552534e+000 -3.1164766092552534e+000  1.5180251775648790e+001
  0.0000000000000000e+000  9.8285982136598111e+000  9.7307445553088079e-001 -3.3211624272682232e+000 -3.3211624272682232e+000  1.8015983574847215e+001
  0.0000000000000000e+000  9.8489694616991308e+000  9.0376399540055252e-001 -3.4821981973984477e+000 -3.4821981973984477e+000  2.1128231394254836e+001
  0.0000000000000000e+000  9.8693407097384487e+000  8.3126031775790743e-001 -3.6344654321208707e+000 -3.6344654321208707e+000  2.4010981950362670e+001
  0.0000000000000000e+000  9.8897119577777683e+000  7.5575441760603446e-001 -3.7767685465212915e+000 -3.7767685465212915e+000  2.6931333122698639e+001
  0.0000000000000000e+000  9.9100832058170880e+000  6.7746143879450804e-001 -3.9078983359072517e+000 -3.9078983359072517e+000  2.9823398948694340e+001
  0.0000000000000000e+000  9.9304544538564077e+000  5.9662066424865245e-001 -4.0266507328957903e+000 -4.0266507328957903e+000  3.2614316584869144e+001
  0.0000000000000000e+000  9.9508257018957273e+000  5.1349718452998361e-001 -4.1318574184059251e+000 -4.1318574184059251e+000  3.5227348603095358e+001
  0.0000000000000000e+000  9.9711969499350452e+000  4.2837817932196814e-001 -4.2224344067794437e+000 -4.2224344067794437e+000  3.7585664752632105e+001
  0.0000000000000000e+000  9.9915681979743649e+000  3.4157111196771062e-001 -4.2974067942447505e+000 -4.2974067942447505e+000  3.8752436316291089e+001
  0.0000000000000000e+000  9.9936761484807732e+000  3.3250515992110885e-001 -4.3042382288041194e+000 -4.3042382288041194e+000  3.9870427910762750e+001
  0.0000000000000000e+000  9.9957840989871833e+000  3.2342499413610620e-001 -4.3108924992458713e+000 -4.3108924992458713e+000  4.0055622765476571e+001
  0.0000000000000000e+000  9.9978920494935917e+000  3.1433098893664141e-001 -4.3173687826764526e+000 -4.3173687826764526e+000  4.0236413890152264e+001
  0.0000000000000000e+000  1.0000000000000000e+001  3.0522352034825806e-001 -4.3236662757868078e+000 -4.3236662757868078e+000  4.0325700133019424e+001
