% x y
0 11 13 72
0 12 10 81
0 13 7 90
0 14 7 95
0 15 6 98
0 16 7 98
0 17 8 95
0 18 9 89
0 19 11 82
0 20 14 72
0 21 21 61
0 22 31 51
0 23 45 41
0 24 61 34
0 25 79 32
0 26 97 35
0 27 114 42
0 28 127 51
0 29 137 63
0 30 143 73
0 31 147 82
0 32 149 90
0 33 150 94
0 34 150 96
0 36 150 93
0 37 149 87
0 38 147 79
0 39 142 68
0 40 134 58
0 41 123 47
0 42 107 38
0 43 91 33
0 44 73 32
0 45 55 35
0 46 39 43
0 47 27 53
0 48 19 63
0 49 14 73
0 50 11 81
0 51 9 87
0 52 8 91
0 54 9 91
0 55 10 86
0 56 11 79
0 57 15 71
0 58 21 61
0 59 30 51
0 60 43 42
0 61 59 35
0 62 75 32
0 63 94 34
0 64 111 39
0 65 124 48
0 66 134 58
0 67 141 68
0 68 146 77
0 69 149 84
0 70 150 90
0 71 150 91
0 73 149 89
0 74 148 83
0 75 145 75
0 76 140 66
0 77 132 55
0 78 121 46
0 79 107 37
0 80 90 33
0 81 72 32
0 82 55 35
0 83 41 43
0 84 29 52
0 85 21 61
0 86 15 71
0 87 11 78
0 88 10 83
0 89 9 87
0 91 10 85
0 92 11 81
0 93 13 74
0 94 18 66
0 95 25 56
0 96 35 47
0 97 48 39
0 98 63 33
0 99 81 32
0 100 97 35
0 101 113 41
0 102 126 49
0 103 135 59
0 104 142 68
0 105 145 76
0 106 148 83
0 107 149 87
0 110 147 83
0 111 145 76
0 112 141 68
0 113 134 59
0 114 125 49
0 115 113 41
0 116 97 35
0 117 81 32
0 118 64 34
0 119 49 39
0 120 35 46
0 121 26 55
0 122 18 64
0 123 14 72
0 124 11 78
0 125 10 82
0 126 9 83
0 128 11 79
0 129 13 74
0 130 16 67
0 131 23 58
0 132 31 49
0 133 44 40
0 134 59 35
0 135 75 32
0 136 91 33
0 137 107 38
0 138 119 46
0 139 130 55
0 140 138 63
0 141 143 71
0 142 145 77
0 143 146 82
0 144 147 83
0 146 146 79
0 147 143 75
0 148 139 67
0 149 133 59
0 150 125 50
0 151 114 41
0 152 99 35
0 153 83 32
0 154 67 33
0 155 51 37
0 156 39 44
0 157 28 51
0 158 21 61
0 159 15 69
0 160 11 75
0 161 11 79
0 162 9 81
0 163 10 80
0 164 10 77
0 165 13 72
0 166 17 64
0 167 23 55
0 168 33 47
0 169 45 40
0 170 59 35
0 171 75 32
0 172 91 33
0 173 106 38
0 174 118 45
0 175 128 53
0 176 135 61
0 177 139 69
0 178 143 75
0 179 144 79
0 182 143 76
0 183 141 71
0 184 137 63
0 185 130 55
0 186 122 47
0 187 110 40
0 188 96 35
0 189 81 32
0 190 66 33
0 191 50 37
0 192 38 44
0 193 27 52
0 194 20 60
0 195 15 67
0 196 11 73
0 197 10 76
0 198 10 78
0 199 10 77
0 200 11 73
0 201 14 67
0 202 19 60
0 203 27 52
0 204 37 44
0 205 50 38
0 206 65 33
0 207 80 32
0 208 95 35
0 209 109 39
0 210 119 47
0 211 129 54
0 212 135 61
0 213 139 68
0 214 141 73
0 215 142 76
0 216 143 77
0 217 143 75
0 218 141 71
0 219 137 65
0 220 132 57
0 221 125 49
0 222 114 42
0 223 102 36
0 224 87 33
0 225 71 32
0 226 57 35
0 227 43 40
0 228 33 47
0 229 25 55
0 230 18 62
0 231 15 68
0 232 13 71
0 233 12 73
0 234 13 73
0 235 14 71
0 236 16 67
0 237 21 60
0 238 27 53
0 239 37 45
0 240 48 39
0 241 62 35
0 242 75 33
0 243 91 34
0 244 105 38
0 245 117 43
0 246 126 51
0 247 133 59
0 248 138 65
0 249 142 69
0 250 143 73
0 251 143 74
0 252 143 73
0 253 142 70
0 254 139 65
0 255 134 57
0 256 127 51
0 257 117 43
0 258 105 37
0 259 91 33
0 260 76 32
0 261 62 34
0 262 49 39
0 263 37 45
0 264 29 51
0 265 23 59
0 266 18 64
0 267 17 68
0 268 15 70
0 269 15 71
0 270 17 69
0 271 18 65
0 272 22 60
0 273 28 53
0 274 36 46
0 275 47 39
0 276 59 35
0 277 73 32
0 278 88 33
0 279 102 35
0 280 114 41
0 281 124 48
0 282 132 55
0 283 138 61
0 284 141 67
0 285 142 70
0 286 143 71
0 288 141 68
0 289 138 63
0 290 133 56
0 291 126 50
0 292 116 43
0 293 105 37
0 294 91 33
0 295 77 33
0 296 63 34
0 297 50 38
0 298 39 43
0 299 31 50
0 300 24 57
0 301 20 62
0 302 17 66
0 303 15 68
0 305 17 67
0 306 18 63
0 307 22 58
0 308 29 51
0 309 37 45
0 310 48 39
0 311 61 34
0 312 75 32
0 313 89 33
0 314 102 36
0 315 114 42
0 316 123 48
0 317 130 55
0 318 135 61
0 319 138 65
0 320 139 68
0 321 140 69
0 322 139 67
0 323 138 65
0 324 134 60
0 325 129 55
0 326 122 47
0 327 113 41
0 328 102 37
0 329 89 33
0 330 75 32
0 331 61 35
0 332 50 38
0 333 39 43
0 334 31 49
0 335 24 56
0 336 20 61
0 337 17 64
0 338 16 66
0 339 16 65
0 340 17 63
0 341 21 60
0 342 25 55
0 343 32 48
0 344 41 42
0 345 52 36
0 346 65 33
0 347 78 32
0 348 91 33
0 349 103 37
0 350 115 43
0 351 123 49
0 352 129 55
0 353 133 60
0 354 136 63
0 355 137 66
0 356 137 67
0 357 136 65
0 358 134 62
0 359 131 57
0 360 126 51
0 361 118 46
0 362 109 39
0 363 98 35
0 364 85 32
0 365 72 32
0 366 59 35
0 367 47 38
0 368 37 44
0 369 30 50
0 370 24 55
0 371 21 59
0 372 19 63
0 373 17 63
0 374 18 63
0 375 19 60
0 376 23 55
0 377 29 51
0 378 37 45
0 379 45 39
0 380 57 35
0 381 69 32
0 382 82 32
0 383 95 35
0 384 106 39
0 385 116 43
0 386 123 49
0 387 129 55
0 388 133 59
0 389 135 62
0 390 136 64
0 391 136 63
0 392 134 61
0 393 131 58
0 394 127 53
0 395 121 47
0 396 114 41
0 397 103 37
0 398 91 34
0 399 78 32
0 400 66 33
0 401 54 36
0 402 43 41
0 403 35 46
0 404 29 51
0 405 23 56
0 406 21 59
0 407 18 61
0 408 19 61
0 409 21 60
0 410 23 56
0 411 28 51
0 412 35 47
0 413 43 41
0 414 53 36
0 415 65 33
0 416 77 32
0 417 90 33
0 418 101 36
0 419 111 41
0 420 119 46
0 421 126 51
0 422 130 56
0 423 133 59
0 424 134 61
0 425 135 61
0 426 134 61
0 427 132 58
0 428 128 53
0 429 122 48
0 430 115 43
0 431 106 38
0 432 95 34
0 433 83 32
0 434 70 33
0 435 58 35
0 436 48 39
0 437 39 43
0 438 31 48
0 439 26 53
0 440 23 57
0 441 21 59
0 442 21 60
0 443 22 59
0 444 24 56
0 445 28 52
0 446 34 47
0 447 42 42
0 448 51 37
0 449 62 34
0 450 74 33
0 451 87 33
0 452 98 35
0 453 108 39
0 454 117 44
0 455 123 49
0 456 128 54
0 457 132 57
0 458 133 59
0 459 134 60
0 460 133 59
0 461 131 57
0 462 128 53
0 463 123 48
0 464 116 43
0 465 107 39
0 466 96 35
0 467 85 33
0 468 73 32
0 469 61 34
0 470 50 37
0 471 41 42
0 472 34 47
0 473 29 51
0 474 25 55
0 475 23 57
0 476 22 58
0 477 23 57
0 478 25 55
0 479 29 51
0 480 34 47
0 481 42 42
0 482 51 37
0 483 61 35
0 484 73 32
0 485 85 33
0 486 96 35
0 487 107 38
0 488 114 43
0 489 121 47
0 490 127 51
0 491 130 55
0 492 133 57
0 493 133 59
0 494 133 57
0 495 131 55
0 496 127 52
0 497 123 47
0 498 115 43
0 499 107 39
0 500 97 35
0 501 86 33
0 502 74 32
0 503 63 33
0 504 52 36
0 505 43 41
0 506 35 45
0 507 30 50
0 508 27 53
0 509 25 55
0 510 24 56
0 511 25 55
0 512 27 53
0 513 31 50
0 514 36 46
0 515 43 41
0 516 52 37
0 517 62 34
0 518 74 33
0 519 85 33
0 520 95 35
0 521 105 38
0 522 114 42
0 523 121 47
0 524 126 51
0 525 129 54
0 526 131 56
0 527 132 57
0 528 131 56
0 529 129 54
0 530 126 50
0 531 121 46
0 532 114 41
0 533 105 38
0 534 95 35
0 535 85 33
0 536 73 32
0 537 63 34
0 538 53 36
0 539 43 40
0 540 37 45
0 541 31 49
0 542 29 52
0 543 27 54
0 544 27 55
0 545 27 54
0 546 29 51
0 547 33 48
0 548 38 44
0 549 45 40
0 550 54 37
0 551 64 33
0 552 75 32
0 553 86 33
0 554 97 35
0 555 106 38
0 556 114 42
0 557 121 46
0 558 126 49
0 559 129 53
0 560 130 55
0 561 131 55
0 562 130 54
0 563 128 52
0 564 124 48
0 565 118 45
0 566 111 40
0 567 102 37
0 568 93 34
0 569 82 33
0 570 71 32
0 571 61 34
0 572 51 37
0 573 43 41
0 574 37 45
0 575 33 49
0 576 29 51
0 577 28 53
0 578 27 53
0 579 29 51
0 580 31 49
0 581 35 47
0 582 41 43
0 583 49 39
0 584 57 35
0 585 66 33
0 586 78 32
0 587 88 33
0 588 98 35
0 589 107 39
0 590 114 43
0 591 121 46
0 592 125 49
0 593 128 51
0 594 129 53
0 595 130 53
0 596 128 52
0 597 126 50
0 598 121 47
0 599 115 43
0 600 108 39
0 601 99 35
0 602 90 33
0 603 79 32
0 604 69 33
0 605 59 35
0 606 50 38
0 607 43 41
0 608 37 45
0 609 33 48
0 610 30 51
0 611 29 51
0 613 30 50
0 614 33 47
0 615 38 44
0 616 44 40
0 617 52 37
0 618 61 35
0 619 71 32
0 620 81 32
0 621 91 33
0 622 101 35
0 623 109 39
