% x v
  0.0000000000000000e+000  3.3000000000000002e-002 -1.0200000000000000e+002  3.7178180068557964e+001
  0.0000000000000000e+000  6.7000000000000004e-002 -1.0100000000000000e+002  5.7320827190465707e+001
  0.0000000000000000e+000  1.0000000000000001e-001 -9.9000000000000000e+001  7.6871043514670262e+001
  0.0000000000000000e+000  1.3400000000000001e-001 -9.6000000000000000e+001  9.7013690636578005e+001
  0.0000000000000000e+000  1.6700000000000001e-001 -9.2000000000000000e+001  1.1623275744549248e+002
  0.0000000000000000e+000  2.0000000000000001e-001 -8.8000000000000000e+001  1.3655973807938963e+002
  0.0000000000000000e+000  2.3400000000000001e-001 -8.3000000000000000e+001  1.5490059759561973e+002
  0.0000000000000000e+000  2.6700000000000002e-001 -7.7000000000000000e+001  1.7071976054124966e+002
  0.0000000000000000e+000  2.9999999999999999e-001 -7.1000000000000000e+001  1.8499736897284271e+002
  0.0000000000000000e+000  3.3400000000000002e-001 -6.5000000000000000e+001  1.9937194362908815e+002
  0.0000000000000000e+000  3.6699999999999999e-001 -5.8000000000000000e+001  2.1134395834129714e+002
  0.0000000000000000e+000  4.0100000000000002e-001 -5.0000000000000000e+001  2.2178024513109540e+002
  0.0000000000000000e+000  4.3400000000000000e-001 -4.3000000000000000e+001  2.3200809055967056e+002
  0.0000000000000000e+000  4.6700000000000003e-001 -3.5000000000000000e+001  2.4131162378197826e+002
  0.0000000000000000e+000  5.0100000000000000e-001 -2.6000000000000000e+001  2.4725293523860506e+002
  0.0000000000000000e+000  5.3400000000000003e-001 -1.8000000000000000e+001  2.5164542898268184e+002
  0.0000000000000000e+000  5.6699999999999995e-001 -9.0000000000000000e+000  2.5560083988919294e+002
  0.0000000000000000e+000  6.0099999999999998e-001 -1.0000000000000000e+000  2.5564328324899884e+002
  0.0000000000000000e+000  6.3400000000000001e-001  8.0000000000000000e+000  2.5390160747063123e+002
  0.0000000000000000e+000  6.6800000000000004e-001  1.7000000000000000e+001  2.5158058332788147e+002
  0.0000000000000000e+000  7.0099999999999996e-001  2.5000000000000000e+001  2.4650058002717515e+002
  0.0000000000000000e+000  7.3399999999999999e-001  3.4000000000000000e+001  2.4129704360001861e+002
  0.0000000000000000e+000  7.6800000000000002e-001  4.1000000000000000e+001  2.3180278775555314e+002
  0.0000000000000000e+000  8.0100000000000005e-001  4.9000000000000000e+001  2.2226586408458786e+002
  0.0000000000000000e+000  8.3399999999999996e-001  5.7000000000000000e+001  2.1206402578462126e+002
  0.0000000000000000e+000  8.6799999999999999e-001  6.3000000000000000e+001  1.9907549725677637e+002
  0.0000000000000000e+000  9.0100000000000002e-001  7.0000000000000000e+001  1.8788766903986033e+002
  0.0000000000000000e+000  9.3500000000000005e-001  7.6000000000000000e+001  1.7150103981052126e+002
  0.0000000000000000e+000  9.6799999999999997e-001  8.2000000000000000e+001  1.5508273023034315e+002
  0.0000000000000000e+000  1.0009999999999999e+000  8.7000000000000000e+001  1.3954953166867779e+002
  0.0000000000000000e+000  1.0349999999999999e+000  9.1000000000000000e+001  1.1865983926829597e+002
  0.0000000000000000e+000  1.0680000000000001e+000  9.5000000000000000e+001  9.8560081203637651e+001
  0.0000000000000000e+000  1.1010000000000000e+000  9.8000000000000000e+001  7.7337081456487454e+001
  0.0000000000000000e+000  1.1350000000000000e+000  1.0000000000000000e+002  5.6957271494562633e+001
  0.0000000000000000e+000  1.1679999999999999e+000  1.0200000000000000e+002  3.7534212168584759e+001
  0.0000000000000000e+000  1.2020000000000000e+000  1.0200000000000000e+002  1.6424886821056248e+001
  0.0000000000000000e+000  1.2350000000000001e+000  1.0200000000000000e+002 -2.9784777963690203e+000
  0.0000000000000000e+000  1.2680000000000000e+000  1.0200000000000000e+002 -2.1779901256392577e+001
  0.0000000000000000e+000  1.3020000000000000e+000  1.0200000000000000e+002 -4.1767138137020879e+001
  0.0000000000000000e+000  1.3350000000000000e+000  1.0000000000000000e+002 -5.9647894298710639e+001
  0.0000000000000000e+000  1.3680000000000001e+000  9.7000000000000000e+001 -8.0146445066265073e+001
  0.0000000000000000e+000  1.4019999999999999e+000  9.4000000000000000e+001 -1.0245940200308905e+002
  0.0000000000000000e+000  1.4350000000000001e+000  9.0000000000000000e+001 -1.2332622375806011e+002
  0.0000000000000000e+000  1.4690000000000001e+000  8.6000000000000000e+001 -1.4097099566113798e+002
  0.0000000000000000e+000  1.5020000000000000e+000  8.1000000000000000e+001 -1.5738952813330525e+002
  0.0000000000000000e+000  1.5349999999999999e+000  7.5000000000000000e+001 -1.7444093316519604e+002
  0.0000000000000000e+000  1.5690000000000000e+000  6.9000000000000000e+001 -1.9028646965948747e+002
  0.0000000000000000e+000  1.6020000000000001e+000  6.2000000000000000e+001 -2.0508837469578958e+002
  0.0000000000000000e+000  1.6359999999999999e+000  5.5000000000000000e+001 -2.1701164024706483e+002
  0.0000000000000000e+000  1.6690000000000000e+000  4.7000000000000000e+001 -2.2649397996047730e+002
  0.0000000000000000e+000  1.7020000000000000e+000  4.0000000000000000e+001 -2.3530896109698500e+002
  0.0000000000000000e+000  1.7360000000000000e+000  3.1000000000000000e+001 -2.4131913963753345e+002
  0.0000000000000000e+000  1.7689999999999999e+000  2.3000000000000000e+001 -2.4628809524885401e+002
  0.0000000000000000e+000  1.8020000000000000e+000  1.5000000000000000e+001 -2.4871800935099648e+002
  0.0000000000000000e+000  1.8360000000000001e+000  6.0000000000000000e+000 -2.5113231679233624e+002
  0.0000000000000000e+000  1.8690000000000000e+000 -2.0000000000000000e+000 -2.4977317597402950e+002
  0.0000000000000000e+000  1.9030000000000000e+000 -1.1000000000000000e+001 -2.4884741447358002e+002
  0.0000000000000000e+000  1.9359999999999999e+000 -1.9000000000000000e+001 -2.4620491493051878e+002
  0.0000000000000000e+000  1.9690000000000001e+000 -2.7000000000000000e+001 -2.4108669725329969e+002
  0.0000000000000000e+000  2.0030000000000001e+000 -3.6000000000000000e+001 -2.3513781777063866e+002
  0.0000000000000000e+000  2.0360000000000000e+000 -4.3000000000000000e+001 -2.2664417977328822e+002
  0.0000000000000000e+000  2.0690000000000000e+000 -5.1000000000000000e+001 -2.1758433017122775e+002
  0.0000000000000000e+000  2.1030000000000002e+000 -5.8000000000000000e+001 -2.0576362457421124e+002
  0.0000000000000000e+000  2.1360000000000001e+000 -6.5000000000000000e+001 -1.9201835103508472e+002
  0.0000000000000000e+000  2.1699999999999999e+000 -7.1000000000000000e+001 -1.7857732771972405e+002
  0.0000000000000000e+000  2.2029999999999998e+000 -7.7000000000000000e+001 -1.6254567973651774e+002
  0.0000000000000000e+000  2.2360000000000002e+000 -8.2000000000000000e+001 -1.4712404365032944e+002
  0.0000000000000000e+000  2.2700000000000000e+000 -8.7000000000000000e+001 -1.2949701569852209e+002
  0.0000000000000000e+000  2.3029999999999999e+000 -9.1000000000000000e+001 -1.1265347712433709e+002
  0.0000000000000000e+000  2.3359999999999999e+000 -9.4000000000000000e+001 -9.4127706385019792e+001
  0.0000000000000000e+000  2.3700000000000001e+000 -9.7000000000000000e+001 -7.5153896671635493e+001
  0.0000000000000000e+000  2.4030000000000000e+000 -1.0000000000000000e+002 -5.5505226962804500e+001
  0.0000000000000000e+000  2.4369999999999998e+000 -1.0100000000000000e+002 -3.5498262119685933e+001
  0.0000000000000000e+000  2.4700000000000002e+000 -1.0200000000000000e+002 -1.5642749579906422e+001
  0.0000000000000000e+000  2.5030000000000001e+000 -1.0200000000000000e+002  6.0511223362477722e+000
  0.0000000000000000e+000  2.5369999999999999e+000 -1.0200000000000000e+002  2.8547194002327615e+001
  0.0000000000000000e+000  2.5699999999999998e+000 -1.0000000000000000e+002  4.8076825171450764e+001
  0.0000000000000000e+000  2.6030000000000002e+000 -9.8000000000000000e+001  6.8753797663974638e+001
  0.0000000000000000e+000  2.6370000000000000e+000 -9.6000000000000000e+001  8.8872167603617072e+001
  0.0000000000000000e+000  2.6699999999999999e+000 -9.2000000000000000e+001  1.0821616642803042e+002
  0.0000000000000000e+000  2.7040000000000002e+000 -8.8000000000000000e+001  1.2534216922720952e+002
  0.0000000000000000e+000  2.7370000000000001e+000 -8.4000000000000000e+001  1.4283241375648663e+002
  0.0000000000000000e+000  2.7700000000000000e+000 -7.8000000000000000e+001  1.5963278470407181e+002
  0.0000000000000000e+000  2.8039999999999998e+000 -7.3000000000000000e+001  1.7351851011353529e+002
  0.0000000000000000e+000  2.8370000000000002e+000 -6.7000000000000000e+001  1.8773651684032791e+002
  0.0000000000000000e+000  2.8700000000000001e+000 -6.0000000000000000e+001  2.0093357801840716e+002
  0.0000000000000000e+000  2.9039999999999999e+000 -5.3000000000000000e+001  2.1164378268479913e+002
  0.0000000000000000e+000  2.9369999999999998e+000 -4.6000000000000000e+001  2.2360848660810080e+002
  0.0000000000000000e+000  2.9710000000000001e+000 -3.8000000000000000e+001  2.3230623531222477e+002
  0.0000000000000000e+000  3.0040000000000000e+000 -3.0000000000000000e+001  2.3895968941695145e+002
  0.0000000000000000e+000  3.0369999999999999e+000 -2.2000000000000000e+001  2.4544495417416803e+002
  0.0000000000000000e+000  3.0710000000000002e+000 -1.3000000000000000e+001  2.4993531904216695e+002
  0.0000000000000000e+000  3.1040000000000001e+000 -5.0000000000000000e+000  2.5171435608965646e+002
  0.0000000000000000e+000  3.1379999999999999e+000  4.0000000000000000e+000  2.5162992391401514e+002
  0.0000000000000000e+000  3.1709999999999998e+000  1.2000000000000000e+001  2.4973406973790566e+002
  0.0000000000000000e+000  3.2040000000000002e+000  2.1000000000000000e+001  2.4548160917678956e+002
  0.0000000000000000e+000  3.2380000000000000e+000  2.9000000000000000e+001  2.4043054756638048e+002
  0.0000000000000000e+000  3.2709999999999999e+000  3.7000000000000000e+001  2.3255348459487925e+002
  0.0000000000000000e+000  3.3039999999999998e+000  4.5000000000000000e+001  2.2386361216715932e+002
  0.0000000000000000e+000  3.3380000000000001e+000  5.2000000000000000e+001  2.1198875966406149e+002
  0.0000000000000000e+000  3.3710000000000000e+000  5.9000000000000000e+001  2.0104022190509431e+002
  0.0000000000000000e+000  3.4049999999999998e+000  6.6000000000000000e+001  1.8754160575994229e+002
  0.0000000000000000e+000  3.4380000000000002e+000  7.2000000000000000e+001  1.7348844578374474e+002
  0.0000000000000000e+000  3.4710000000000001e+000  7.7000000000000000e+001  1.5952715658931993e+002
  0.0000000000000000e+000  3.5049999999999999e+000  8.3000000000000000e+001  1.4238694767235074e+002
  0.0000000000000000e+000  3.5379999999999998e+000  8.7000000000000000e+001  1.2486053631525510e+002
  0.0000000000000000e+000  3.5710000000000002e+000  9.1000000000000000e+001  1.0736762834684032e+002
  0.0000000000000000e+000  3.6050000000000000e+000  9.5000000000000000e+001  8.8503257937613853e+001
  0.0000000000000000e+000  3.6379999999999999e+000  9.7000000000000000e+001  6.7864802372509985e+001
  0.0000000000000000e+000  3.6720000000000002e+000  9.9000000000000000e+001  4.8560552184676453e+001
  0.0000000000000000e+000  3.7050000000000001e+000  1.0000000000000000e+002  2.8271062497589355e+001
  0.0000000000000000e+000  3.7380000000000000e+000  1.0100000000000000e+002  8.1086963969401040e+000
  0.0000000000000000e+000  3.7719999999999998e+000  1.0100000000000000e+002 -1.0761683696049204e+001
  0.0000000000000000e+000  3.8050000000000002e+000  1.0000000000000000e+002 -3.0566769405026207e+001
  0.0000000000000000e+000  3.8380000000000001e+000  9.9000000000000000e+001 -5.0517391569736446e+001
  0.0000000000000000e+000  3.8719999999999999e+000  9.7000000000000000e+001 -7.1906082577520465e+001
  0.0000000000000000e+000  3.9049999999999998e+000  9.4000000000000000e+001 -9.1597039599271284e+001
  0.0000000000000000e+000  3.9390000000000001e+000  9.1000000000000000e+001 -1.1144451185754087e+002
  0.0000000000000000e+000  3.9720000000000000e+000  8.6000000000000000e+001 -1.3109448784350889e+002
  0.0000000000000000e+000  4.0049999999999999e+000  8.2000000000000000e+001 -1.4875558760253625e+002
  0.0000000000000000e+000  4.0389999999999997e+000  7.6000000000000000e+001 -1.6507081097280957e+002
  0.0000000000000000e+000  4.0720000000000001e+000  7.1000000000000000e+001 -1.8031132392403629e+002
  0.0000000000000000e+000  4.1050000000000004e+000  6.4000000000000000e+001 -1.9223400214221124e+002
  0.0000000000000000e+000  4.1390000000000002e+000  5.7000000000000000e+001 -2.0574117540008933e+002
  0.0000000000000000e+000  4.1719999999999997e+000  5.0000000000000000e+001 -2.1564099337037146e+002
  0.0000000000000000e+000  4.2060000000000004e+000  4.3000000000000000e+001 -2.2574869997076541e+002
  0.0000000000000000e+000  4.2389999999999999e+000  3.5000000000000000e+001 -2.3176067357479451e+002
  0.0000000000000000e+000  4.2720000000000002e+000  2.7000000000000000e+001 -2.3821448006432780e+002
  0.0000000000000000e+000  4.3060000000000000e+000  1.9000000000000000e+001 -2.4365794777404798e+002
  0.0000000000000000e+000  4.3390000000000004e+000  1.0000000000000000e+001 -2.4756501338177628e+002
  0.0000000000000000e+000  4.3719999999999999e+000  2.0000000000000000e+000 -2.4775085197958481e+002
  0.0000000000000000e+000  4.4059999999999997e+000 -6.0000000000000000e+000 -2.4687206175466486e+002
  0.0000000000000000e+000  4.4390000000000001e+000 -1.5000000000000000e+001 -2.4444439471466080e+002
  0.0000000000000000e+000  4.4729999999999999e+000 -2.3000000000000000e+001 -2.3885277678422608e+002
  0.0000000000000000e+000  4.5060000000000002e+000 -3.1000000000000000e+001 -2.3415104928422033e+002
  0.0000000000000000e+000  4.5389999999999997e+000 -3.9000000000000000e+001 -2.2729402979209590e+002
  0.0000000000000000e+000  4.5730000000000004e+000 -4.6000000000000000e+001 -2.1672994373709207e+002
  0.0000000000000000e+000  4.6059999999999999e+000 -5.4000000000000000e+001 -2.0738311120719231e+002
  0.0000000000000000e+000  4.6399999999999997e+000 -6.0000000000000000e+001 -1.9529301529460304e+002
  0.0000000000000000e+000  4.6730000000000000e+000 -6.7000000000000000e+001 -1.8225476225354714e+002
  0.0000000000000000e+000  4.7060000000000004e+000 -7.3000000000000000e+001 -1.6902158619400780e+002
  0.0000000000000000e+000  4.7400000000000002e+000 -7.8000000000000000e+001 -1.5195387691703945e+002
  0.0000000000000000e+000  4.7729999999999997e+000 -8.3000000000000000e+001 -1.3702519775837209e+002
  0.0000000000000000e+000  4.8060000000000000e+000 -8.8000000000000000e+001 -1.1840647311796511e+002
  0.0000000000000000e+000  4.8399999999999999e+000 -9.1000000000000000e+001 -1.0023222702273370e+002
  0.0000000000000000e+000  4.8730000000000002e+000 -9.4000000000000000e+001 -8.2874164786132496e+001
  0.0000000000000000e+000  4.9070000000000000e+000 -9.7000000000000000e+001 -6.3108068648819426e+001
  0.0000000000000000e+000  4.9400000000000004e+000 -9.8000000000000000e+001 -4.3569201742574023e+001
  0.0000000000000000e+000  4.9729999999999999e+000 -1.0000000000000000e+002 -2.5836887972743170e+001
  0.0000000000000000e+000  5.0069999999999997e+000 -1.0000000000000000e+002 -5.1162534005934504e+000
  0.0000000000000000e+000  5.0400000000000000e+000 -1.0000000000000000e+002  1.5441413724300673e+001
  0.0000000000000000e+000  5.0730000000000004e+000 -1.0000000000000000e+002  3.4612187742067363e+001
  0.0000000000000000e+000  5.1070000000000002e+000 -9.8000000000000000e+001  5.7005970927207272e+001
  0.0000000000000000e+000  5.1399999999999997e+000 -9.5000000000000000e+001  7.6288157051315466e+001
  0.0000000000000000e+000  5.1740000000000004e+000 -9.2000000000000000e+001  9.7233727454635755e+001
  0.0000000000000000e+000  5.2069999999999999e+000 -8.9000000000000000e+001  1.1655948852914025e+002
  0.0000000000000000e+000  5.2400000000000002e+000 -8.5000000000000000e+001  1.3205821615877858e+002
  0.0000000000000000e+000  5.2740000000000000e+000 -8.0000000000000000e+001  1.4754710257739316e+002
  0.0000000000000000e+000  5.3070000000000004e+000 -7.4000000000000000e+001  1.6388557779782650e+002
  0.0000000000000000e+000  5.3399999999999999e+000 -6.9000000000000000e+001  1.7934238047679764e+002
  0.0000000000000000e+000  5.3739999999999997e+000 -6.2000000000000000e+001  1.9251695839761533e+002
  0.0000000000000000e+000  5.4070000000000000e+000 -5.6000000000000000e+001  2.0353644912625327e+002
  0.0000000000000000e+000  5.4409999999999998e+000 -4.9000000000000000e+001  2.1381356729420440e+002
  0.0000000000000000e+000  5.4740000000000002e+000 -4.1000000000000000e+001  2.2479059176600185e+002
  0.0000000000000000e+000  5.5069999999999997e+000 -3.3000000000000000e+001  2.3223888851363711e+002
  0.0000000000000000e+000  5.5410000000000004e+000 -2.6000000000000000e+001  2.3983319771946361e+002
  0.0000000000000000e+000  5.5739999999999998e+000 -1.7000000000000000e+001  2.4378815295072951e+002
  0.0000000000000000e+000  5.6070000000000002e+000 -9.0000000000000000e+000  2.4481620061673885e+002
  0.0000000000000000e+000  5.6410000000000000e+000  0.0000000000000000e+000  2.4549005051227329e+002
  0.0000000000000000e+000  5.6740000000000004e+000  8.0000000000000000e+000  2.4588367278196779e+002
  0.0000000000000000e+000  5.7080000000000002e+000  1.6000000000000000e+001  2.4089332455147292e+002
  0.0000000000000000e+000  5.7409999999999997e+000  2.4000000000000000e+001  2.3681940815690950e+002
  0.0000000000000000e+000  5.7740000000000000e+000  3.2000000000000000e+001  2.3084216795055204e+002
  0.0000000000000000e+000  5.8079999999999998e+000  4.0000000000000000e+001  2.2477466652989574e+002
  0.0000000000000000e+000  5.8410000000000002e+000  4.7000000000000000e+001  2.1724349611070625e+002
  0.0000000000000000e+000  5.8739999999999997e+000  5.5000000000000000e+001  2.0705135572814061e+002
  0.0000000000000000e+000  5.9080000000000004e+000  6.1000000000000000e+001  1.9441825952935051e+002
  0.0000000000000000e+000  5.9409999999999998e+000  6.8000000000000000e+001  1.8074593395808597e+002
  0.0000000000000000e+000  5.9749999999999996e+000  7.4000000000000000e+001  1.6546059954444945e+002
  0.0000000000000000e+000  6.0080000000000000e+000  7.9000000000000000e+001  1.4806894051094650e+002
  0.0000000000000000e+000  6.0410000000000004e+000  8.4000000000000000e+001  1.3224780265751860e+002
  0.0000000000000000e+000  6.0750000000000002e+000  8.8000000000000000e+001  1.1253760847927697e+002
  0.0000000000000000e+000  6.1079999999999997e+000  9.1000000000000000e+001  9.5031807088803816e+001
  0.0000000000000000e+000  6.1420000000000003e+000  9.4000000000000000e+001  7.6859223540023322e+001
  0.0000000000000000e+000  6.1749999999999998e+000  9.7000000000000000e+001  5.8005043670275882e+001
  0.0000000000000000e+000  6.2080000000000002e+000  9.8000000000000000e+001  3.9847673880450202e+001
  0.0000000000000000e+000  6.2420000000000000e+000  9.9000000000000000e+001  2.0369690808129235e+001
  0.0000000000000000e+000  6.2750000000000004e+000  1.0000000000000000e+002 -3.6108553981694058e-001
  0.0000000000000000e+000  6.3079999999999998e+000  1.0000000000000000e+002 -2.1559167370036903e+001
  0.0000000000000000e+000  6.3419999999999996e+000  9.8000000000000000e+001 -4.1215957165148666e+001
  0.0000000000000000e+000  6.3750000000000000e+000  9.6000000000000000e+001 -6.2105776370696731e+001
  0.0000000000000000e+000  6.4089999999999998e+000  9.4000000000000000e+001 -8.3426063825052097e+001
  0.0000000000000000e+000  6.4420000000000002e+000  9.1000000000000000e+001 -1.0163929833187422e+002
  0.0000000000000000e+000  6.4749999999999996e+000  8.7000000000000000e+001 -1.1759755322877254e+002
  0.0000000000000000e+000  6.5090000000000003e+000  8.3000000000000000e+001 -1.3553137030948801e+002
  0.0000000000000000e+000  6.5419999999999998e+000  7.8000000000000000e+001 -1.5321452035149059e+002
  0.0000000000000000e+000  6.5750000000000002e+000  7.2000000000000000e+001 -1.6851743857066640e+002
  0.0000000000000000e+000  6.6090000000000000e+000  6.7000000000000000e+001 -1.8287985749955305e+002
  0.0000000000000000e+000  6.6420000000000003e+000  6.0000000000000000e+001 -1.9675267334853606e+002
  0.0000000000000000e+000  6.6760000000000002e+000  5.3000000000000000e+001 -2.0829417714861574e+002
  0.0000000000000000e+000  6.7089999999999996e+000  4.6000000000000000e+001 -2.1810810052165243e+002
  0.0000000000000000e+000  6.7420000000000000e+000  3.8000000000000000e+001 -2.2811860336059681e+002
  0.0000000000000000e+000  6.7759999999999998e+000  3.1000000000000000e+001 -2.3340944086031845e+002
  0.0000000000000000e+000  6.8090000000000002e+000  2.2000000000000000e+001 -2.3860893173004092e+002
  0.0000000000000000e+000  6.8419999999999996e+000  1.4000000000000000e+001 -2.4193109302494423e+002
  0.0000000000000000e+000  6.8760000000000003e+000  6.0000000000000000e+000 -2.4287629211251269e+002
  0.0000000000000000e+000  6.9089999999999998e+000 -2.0000000000000000e+000 -2.4374035623871987e+002
  0.0000000000000000e+000  6.9429999999999996e+000 -1.0000000000000000e+001 -2.3978503112078170e+002
  0.0000000000000000e+000  6.9760000000000000e+000 -1.9000000000000000e+001 -2.3740532268413608e+002
  0.0000000000000000e+000  7.0090000000000003e+000 -2.7000000000000000e+001 -2.3384520798096969e+002
  0.0000000000000000e+000  7.0430000000000001e+000 -3.4000000000000000e+001 -2.2742921178763345e+002
  0.0000000000000000e+000  7.0759999999999996e+000 -4.2000000000000000e+001 -2.1907292740429648e+002
  0.0000000000000000e+000  7.1090000000000000e+000 -4.9000000000000000e+001 -2.0772789902423256e+002
  0.0000000000000000e+000  7.1429999999999998e+000 -5.6000000000000000e+001 -1.9736330269210248e+002
  0.0000000000000000e+000  7.1760000000000002e+000 -6.3000000000000000e+001 -1.8676913232607103e+002
  0.0000000000000000e+000  7.2100000000000000e+000 -6.9000000000000000e+001 -1.7176574346592770e+002
  0.0000000000000000e+000  7.2430000000000003e+000 -7.4000000000000000e+001 -1.5744528194489294e+002
  0.0000000000000000e+000  7.2759999999999998e+000 -7.9000000000000000e+001 -1.4177323202308708e+002
  0.0000000000000000e+000  7.3099999999999996e+000 -8.4000000000000000e+001 -1.2438143294948941e+002
  0.0000000000000000e+000  7.3430000000000000e+000 -8.8000000000000000e+001 -1.0829547212054240e+002
  0.0000000000000000e+000  7.3760000000000003e+000 -9.1000000000000000e+001 -9.1365501095905529e+001
  0.0000000000000000e+000  7.4100000000000001e+000 -9.4000000000000000e+001 -7.1622326263456671e+001
  0.0000000000000000e+000  7.4429999999999996e+000 -9.6000000000000000e+001 -5.1434430340638755e+001
  0.0000000000000000e+000  7.4770000000000003e+000 -9.8000000000000000e+001 -3.1259142050569608e+001
  0.0000000000000000e+000  7.5099999999999998e+000 -9.8000000000000000e+001 -1.2001424808194315e+001
  0.0000000000000000e+000  7.5430000000000001e+000 -9.8000000000000000e+001  8.1766495865585966e+000
  0.0000000000000000e+000  7.5770000000000000e+000 -9.8000000000000000e+001  2.8101469311677647e+001
  0.0000000000000000e+000  7.6100000000000003e+000 -9.6000000000000000e+001  4.7616092843924889e+001
  0.0000000000000000e+000  7.6440000000000001e+000 -9.4000000000000000e+001  6.5576931186615184e+001
  0.0000000000000000e+000  7.6769999999999996e+000 -9.2000000000000000e+001  8.4457570471392501e+001
  0.0000000000000000e+000  7.7100000000000000e+000 -8.9000000000000000e+001  1.0310676460151353e+002
  0.0000000000000000e+000  7.7439999999999998e+000 -8.5000000000000000e+001  1.1966553510687527e+002
  0.0000000000000000e+000  7.7770000000000001e+000 -8.1000000000000000e+001  1.3706627861098377e+002
  0.0000000000000000e+000  7.8099999999999996e+000 -7.5000000000000000e+001  1.5419391173219628e+002
  0.0000000000000000e+000  7.8440000000000003e+000 -7.0000000000000000e+001  1.6960223683141430e+002
  0.0000000000000000e+000  7.8769999999999998e+000 -6.4000000000000000e+001  1.8284603406477299e+002
  0.0000000000000000e+000  7.9109999999999996e+000 -5.8000000000000000e+001  1.9508819537885438e+002
  0.0000000000000000e+000  7.9440000000000000e+000 -5.1000000000000000e+001  2.0446135753469343e+002
  0.0000000000000000e+000  7.9770000000000003e+000 -4.4000000000000000e+001  2.1580550383580112e+002
  0.0000000000000000e+000  8.0109999999999992e+000 -3.6000000000000000e+001  2.2452649097124481e+002
  0.0000000000000000e+000  8.0440000000000005e+000 -2.8000000000000000e+001  2.3197523580134100e+002
  0.0000000000000000e+000  8.0770000000000000e+000 -2.1000000000000000e+001  2.3614629972505514e+002
  0.0000000000000000e+000  8.1110000000000007e+000 -1.3000000000000000e+001  2.3931509699632562e+002
  0.0000000000000000e+000  8.1440000000000001e+000 -4.0000000000000000e+000  2.4032831434219588e+002
  0.0000000000000000e+000  8.1780000000000008e+000  4.0000000000000000e+000  2.4046256413548144e+002
  0.0000000000000000e+000  8.2110000000000003e+000  1.2000000000000000e+001  2.4026993626328112e+002
  0.0000000000000000e+000  8.2439999999999998e+000  2.0000000000000000e+001  2.3632904807415207e+002
  0.0000000000000000e+000  8.2780000000000005e+000  2.8000000000000000e+001  2.2963321473924816e+002
  0.0000000000000000e+000  8.3109999999999999e+000  3.6000000000000000e+001  2.2418132669392480e+002
  0.0000000000000000e+000  8.3439999999999994e+000  4.3000000000000000e+001  2.1634535169769060e+002
  0.0000000000000000e+000  8.3780000000000001e+000  5.0000000000000000e+001  2.0666993916101273e+002
  0.0000000000000000e+000  8.4109999999999996e+000  5.7000000000000000e+001  1.9591930860105049e+002
  0.0000000000000000e+000  8.4450000000000003e+000  6.4000000000000000e+001  1.8285859489431277e+002
  0.0000000000000000e+000  8.4779999999999998e+000  7.0000000000000000e+001  1.7004072829012148e+002
  0.0000000000000000e+000  8.5109999999999992e+000  7.5000000000000000e+001  1.5510167836288474e+002
  0.0000000000000000e+000  8.5449999999999999e+000  8.0000000000000000e+001  1.3733231704416903e+002
  0.0000000000000000e+000  8.5779999999999994e+000  8.5000000000000000e+001  1.1962697793626194e+002
  0.0000000000000000e+000  8.6110000000000007e+000  8.8000000000000000e+001  1.0259617434925167e+002
  0.0000000000000000e+000  8.6449999999999996e+000  9.1000000000000000e+001  8.4995256841258197e+001
  0.0000000000000000e+000  8.6780000000000008e+000  9.4000000000000000e+001  6.6468277948435571e+001
  0.0000000000000000e+000  8.7119999999999997e+000  9.6000000000000000e+001  4.6915265760127113e+001
  0.0000000000000000e+000  8.7449999999999992e+000  9.7000000000000000e+001  2.9768053924173728e+001
  0.0000000000000000e+000  8.7780000000000005e+000  9.8000000000000000e+001  1.0227896305514150e+001
  0.0000000000000000e+000  8.8119999999999994e+000  9.8000000000000000e+001 -1.1433635765718464e+001
  0.0000000000000000e+000  8.8450000000000006e+000  9.7000000000000000e+001 -3.1453706252779739e+001
  0.0000000000000000e+000  8.8780000000000001e+000  9.6000000000000000e+001 -5.1486977391880828e+001
  0.0000000000000000e+000  8.9120000000000008e+000  9.4000000000000000e+001 -7.2803640206460841e+001
  0.0000000000000000e+000  8.9450000000000003e+000  9.1000000000000000e+001 -9.1942678383427847e+001
  0.0000000000000000e+000  8.9789999999999992e+000  8.7000000000000000e+001 -1.1065503793013067e+002
  0.0000000000000000e+000  9.0120000000000005e+000  8.3000000000000000e+001 -1.2892338193747128e+002
  0.0000000000000000e+000  9.0449999999999999e+000  7.9000000000000000e+001 -1.4500459470371834e+002
  0.0000000000000000e+000  9.0790000000000006e+000  7.3000000000000000e+001 -1.5966666819277316e+002
  0.0000000000000000e+000  9.1120000000000001e+000  6.8000000000000000e+001 -1.7301311176893842e+002
  0.0000000000000000e+000  9.1460000000000008e+000  6.2000000000000000e+001 -1.8671971336143679e+002
  0.0000000000000000e+000  9.1790000000000003e+000  5.5000000000000000e+001 -1.9890465800702759e+002
  0.0000000000000000e+000  9.2119999999999997e+000  4.8000000000000000e+001 -2.0797085211535705e+002
  0.0000000000000000e+000  9.2460000000000004e+000  4.1000000000000000e+001 -2.1785610225682990e+002
  0.0000000000000000e+000  9.2789999999999999e+000  3.3000000000000000e+001 -2.2445832059068164e+002
  0.0000000000000000e+000  9.3119999999999994e+000  2.6000000000000000e+001 -2.2847324110111640e+002
  0.0000000000000000e+000  9.3460000000000001e+000  1.8000000000000000e+001 -2.3247935754423395e+002
  0.0000000000000000e+000  9.3789999999999996e+000  1.0000000000000000e+001 -2.3583350209546933e+002
  0.0000000000000000e+000  9.4130000000000003e+000  2.0000000000000000e+000 -2.3683370455465524e+002
  0.0000000000000000e+000  9.4459999999999997e+000 -6.0000000000000000e+000 -2.3824604879302376e+002
  0.0000000000000000e+000  9.4789999999999992e+000 -1.4000000000000000e+001 -2.3673809901544655e+002
  0.0000000000000000e+000  9.5129999999999999e+000 -2.2000000000000000e+001 -2.3337286152895422e+002
  0.0000000000000000e+000  9.5459999999999994e+000 -3.0000000000000000e+001 -2.2862368551780355e+002
  0.0000000000000000e+000  9.5790000000000006e+000 -3.8000000000000000e+001 -2.2114629216963840e+002
  0.0000000000000000e+000  9.6129999999999995e+000 -4.5000000000000000e+001 -2.1164094773570150e+002
  0.0000000000000000e+000  9.6460000000000008e+000 -5.2000000000000000e+001 -2.0112822918259644e+002
  0.0000000000000000e+000  9.6799999999999997e+000 -5.9000000000000000e+001 -1.8815161292305402e+002
  0.0000000000000000e+000  9.7129999999999992e+000 -6.5000000000000000e+001 -1.7476216700675741e+002
  0.0000000000000000e+000  9.7460000000000004e+000 -7.0000000000000000e+001 -1.6196715986875370e+002
  0.0000000000000000e+000  9.7799999999999994e+000 -7.5000000000000000e+001 -1.4649992167987421e+002
  0.0000000000000000e+000  9.8130000000000006e+000 -8.1000000000000000e+001 -1.3073472684613262e+002
  0.0000000000000000e+000  9.8460000000000001e+000 -8.5000000000000000e+001 -1.1490034433217807e+002
  0.0000000000000000e+000  9.8800000000000008e+000 -8.8000000000000000e+001 -9.7605144382284379e+001
  0.0000000000000000e+000  9.9130000000000003e+000 -9.1000000000000000e+001 -7.8532173254593545e+001
  0.0000000000000000e+000  9.9469999999999992e+000 -9.4000000000000000e+001 -5.6982520301096883e+001
  0.0000000000000000e+000  9.9800000000000004e+000 -9.5000000000000000e+001 -3.9468674802871647e+001
  0.0000000000000000e+000  1.0013000000000000e+001 -9.6000000000000000e+001 -2.2004528364217549e+001
  0.0000000000000000e+000  1.0047000000000001e+001 -9.6000000000000000e+001 -2.0261304958758046e+000
  0.0000000000000000e+000  1.0080000000000000e+001 -9.6000000000000000e+001  1.7514926473761989e+001
  0.0000000000000000e+000  1.0113000000000000e+001 -9.6000000000000000e+001  3.4856964063196756e+001
  0.0000000000000000e+000  1.0147000000000000e+001 -9.4000000000000000e+001  5.4101417356206184e+001
  0.0000000000000000e+000  1.0180000000000000e+001 -9.2000000000000000e+001  7.2694684773067820e+001
  0.0000000000000000e+000  1.0214000000000000e+001 -8.9000000000000000e+001  9.2953768807270535e+001
  0.0000000000000000e+000  1.0247000000000000e+001 -8.5000000000000000e+001  1.1174133827025526e+002
  0.0000000000000000e+000  1.0279999999999999e+001 -8.1000000000000000e+001  1.2710777513326229e+002
  0.0000000000000000e+000  1.0314000000000000e+001 -7.7000000000000000e+001  1.4312684952822019e+002
  0.0000000000000000e+000  1.0347000000000000e+001 -7.2000000000000000e+001  1.5720408906004195e+002
  0.0000000000000000e+000  1.0380000000000001e+001 -6.6000000000000000e+001  1.7041211593664184e+002
  0.0000000000000000e+000  1.0414000000000000e+001 -6.0000000000000000e+001  1.8486447408373851e+002
  0.0000000000000000e+000  1.0446999999999999e+001 -5.4000000000000000e+001  1.9835254138016217e+002
  0.0000000000000000e+000  1.0481000000000000e+001 -4.7000000000000000e+001  2.0902177090009764e+002
  0.0000000000000000e+000  1.0513999999999999e+001 -3.9000000000000000e+001  2.1763967667428051e+002
  0.0000000000000000e+000  1.0547000000000001e+001 -3.2000000000000000e+001  2.2605294722085023e+002
  0.0000000000000000e+000  1.0581000000000000e+001 -2.4000000000000000e+001  2.3247935754424179e+002
  0.0000000000000000e+000  1.0614000000000001e+001 -1.6000000000000000e+001  2.3552566599711224e+002
  0.0000000000000000e+000  1.0648000000000000e+001 -8.0000000000000000e+000  2.3615330027679289e+002
  0.0000000000000000e+000  1.0680999999999999e+001  0.0000000000000000e+000  2.3735956255558108e+002
  0.0000000000000000e+000  1.0714000000000000e+001  8.0000000000000000e+000  2.3576854857444846e+002
  0.0000000000000000e+000  1.0747999999999999e+001  1.6000000000000000e+001  2.3280345189224113e+002
  0.0000000000000000e+000  1.0781000000000001e+001  2.4000000000000000e+001  2.2920423674070480e+002
  0.0000000000000000e+000  1.0814000000000000e+001  3.1000000000000000e+001  2.2360527096397664e+002
  0.0000000000000000e+000  1.0848000000000001e+001  3.9000000000000000e+001  2.1649577865059609e+002
  0.0000000000000000e+000  1.0881000000000000e+001  4.6000000000000000e+001  2.0844520627792554e+002
  0.0000000000000000e+000  1.0914999999999999e+001  5.3000000000000000e+001  1.9815126499178768e+002
  0.0000000000000000e+000  1.0948000000000000e+001  6.0000000000000000e+001  1.8769048966884384e+002
  0.0000000000000000e+000  1.0981000000000000e+001  6.6000000000000000e+001  1.7397977800968874e+002
  0.0000000000000000e+000  1.1015000000000001e+001  7.1000000000000000e+001  1.5943608411978130e+002
  0.0000000000000000e+000  1.1048000000000000e+001  7.7000000000000000e+001  1.4373733024808462e+002
  0.0000000000000000e+000  1.1081000000000000e+001  8.1000000000000000e+001  1.2667455043187601e+002
  0.0000000000000000e+000  1.1115000000000000e+001  8.5000000000000000e+001  1.0975294061516615e+002
  0.0000000000000000e+000  1.1148000000000000e+001  8.9000000000000000e+001  9.2902927805632316e+001
  0.0000000000000000e+000  1.1182000000000000e+001  9.1000000000000000e+001  7.2770988656347981e+001
  0.0000000000000000e+000  1.1215000000000000e+001  9.4000000000000000e+001  5.5410227948314059e+001
  0.0000000000000000e+000  1.1247999999999999e+001  9.5000000000000000e+001  3.6449018767937559e+001
  0.0000000000000000e+000  1.1282000000000000e+001  9.6000000000000000e+001  1.6376578685124514e+001
  0.0000000000000000e+000  1.1315000000000000e+001  9.6000000000000000e+001 -1.4247394571293626e+000
  0.0000000000000000e+000  1.1348000000000001e+001  9.6000000000000000e+001 -2.1798130245853827e+001
  0.0000000000000000e+000  1.1382000000000000e+001  9.5000000000000000e+001 -4.0333920216279694e+001
  0.0000000000000000e+000  1.1414999999999999e+001  9.3000000000000000e+001 -5.9526318324099520e+001
  0.0000000000000000e+000  1.1449000000000000e+001  9.1000000000000000e+001 -7.8849225047913023e+001
  0.0000000000000000e+000  1.1481999999999999e+001  8.8000000000000000e+001 -9.8020343725524071e+001
  0.0000000000000000e+000  1.1515000000000001e+001  8.4000000000000000e+001 -1.1565761605218904e+002
  0.0000000000000000e+000  1.1548999999999999e+001  8.0000000000000000e+001 -1.3275254405338637e+002
  0.0000000000000000e+000  1.1582000000000001e+001  7.5000000000000000e+001 -1.4937307471237273e+002
  0.0000000000000000e+000  1.1615000000000000e+001  7.0000000000000000e+001 -1.6375787579544976e+002
  0.0000000000000000e+000  1.1648999999999999e+001  6.4000000000000000e+001 -1.7737602350422003e+002
  0.0000000000000000e+000  1.1682000000000000e+001  5.8000000000000000e+001 -1.9076518180492121e+002
  0.0000000000000000e+000  1.1715999999999999e+001  5.1000000000000000e+001 -2.0205137104424557e+002
  0.0000000000000000e+000  1.1749000000000001e+001  4.4000000000000000e+001 -2.1241118125158346e+002
  0.0000000000000000e+000  1.1782000000000000e+001  3.7000000000000000e+001 -2.2041545833327518e+002
  0.0000000000000000e+000  1.1816000000000001e+001  2.9000000000000000e+001 -2.2683129203784654e+002
  0.0000000000000000e+000  1.1849000000000000e+001  2.1000000000000000e+001 -2.3081585845653262e+002
  0.0000000000000000e+000  1.1882000000000000e+001  1.3000000000000000e+001 -2.3368297356166892e+002
  0.0000000000000000e+000  1.1916000000000000e+001  6.0000000000000000e+000 -2.3512013404572255e+002
  0.0000000000000000e+000  1.1949000000000000e+001 -3.0000000000000000e+000 -2.3409326164576032e+002
  0.0000000000000000e+000  1.1983000000000001e+001 -1.0000000000000000e+001 -2.3213796690059439e+002
  0.0000000000000000e+000  1.2016000000000000e+001 -1.8000000000000000e+001 -2.2985519988063334e+002
  0.0000000000000000e+000  1.2048999999999999e+001 -2.6000000000000000e+001 -2.2718226392069710e+002
  0.0000000000000000e+000  1.2083000000000000e+001 -3.4000000000000000e+001 -2.1940798773860615e+002
  0.0000000000000000e+000  1.2116000000000000e+001 -4.1000000000000000e+001 -2.1356611958203030e+002
  0.0000000000000000e+000  1.2150000000000000e+001 -4.8000000000000000e+001 -2.0250449201721494e+002
  0.0000000000000000e+000  1.2183000000000000e+001 -5.5000000000000000e+001 -1.9046743412636351e+002
  0.0000000000000000e+000  1.2215999999999999e+001 -6.1000000000000000e+001 -1.7781694256273749e+002
  0.0000000000000000e+000  1.2250000000000000e+001 -6.7000000000000000e+001 -1.6452644477722697e+002
  0.0000000000000000e+000  1.2282999999999999e+001 -7.2000000000000000e+001 -1.5023165683139632e+002
  0.0000000000000000e+000  1.2316000000000001e+001 -7.7000000000000000e+001 -1.3452453834167318e+002
  0.0000000000000000e+000  1.2350000000000000e+001 -8.1000000000000000e+001 -1.1884668991462331e+002
  0.0000000000000000e+000  1.2382999999999999e+001 -8.5000000000000000e+001 -1.0266116193438756e+002
  0.0000000000000000e+000  1.2417000000000000e+001 -8.8000000000000000e+001 -8.5565703802672033e+001
  0.0000000000000000e+000  1.2449999999999999e+001 -9.1000000000000000e+001 -6.7978273019094559e+001
  0.0000000000000000e+000  1.2483000000000001e+001 -9.3000000000000000e+001 -5.0569453773557143e+001
  0.0000000000000000e+000  1.2516999999999999e+001 -9.4000000000000000e+001 -3.0963356188548460e+001
  0.0000000000000000e+000  1.2550000000000001e+001 -9.5000000000000000e+001 -1.2392003933261549e+001
  0.0000000000000000e+000  1.2583000000000000e+001 -9.5000000000000000e+001  7.2382574926059533e+000
  0.0000000000000000e+000  1.2617000000000001e+001 -9.4000000000000000e+001  2.6269389040283386e+001
  0.0000000000000000e+000  1.2650000000000000e+001 -9.4000000000000000e+001  4.4417290938512451e+001
  0.0000000000000000e+000  1.2683999999999999e+001 -9.1000000000000000e+001  6.3959318682281264e+001
  0.0000000000000000e+000  1.2717000000000001e+001 -8.9000000000000000e+001  8.1828885612025260e+001
  0.0000000000000000e+000  1.2750000000000000e+001 -8.6000000000000000e+001  9.9379798469269190e+001
  0.0000000000000000e+000  1.2784000000000001e+001 -8.2000000000000000e+001  1.1833323181692685e+002
  0.0000000000000000e+000  1.2817000000000000e+001 -7.8000000000000000e+001  1.3262391978724190e+002
  0.0000000000000000e+000  1.2850000000000000e+001 -7.3000000000000000e+001  1.4909594514292712e+002
  0.0000000000000000e+000  1.2884000000000000e+001 -6.8000000000000000e+001  1.6396088852315370e+002
  0.0000000000000000e+000  1.2917000000000000e+001 -6.2000000000000000e+001  1.7705942319693077e+002
  0.0000000000000000e+000  1.2951000000000001e+001 -5.6000000000000000e+001  1.8985022618514995e+002
  0.0000000000000000e+000  1.2984000000000000e+001 -4.9000000000000000e+001  2.0040164943358423e+002
  0.0000000000000000e+000  1.3016999999999999e+001 -4.2000000000000000e+001  2.1039041178474872e+002
  0.0000000000000000e+000  1.3051000000000000e+001 -3.5000000000000000e+001  2.1785610225685264e+002
  0.0000000000000000e+000  1.3084000000000000e+001 -2.7000000000000000e+001  2.2445832059067197e+002
  0.0000000000000000e+000  1.3117000000000001e+001 -2.0000000000000000e+001  2.2817621498384415e+002
  0.0000000000000000e+000  1.3151000000000000e+001 -1.2000000000000000e+001  2.3148649000561895e+002
  0.0000000000000000e+000  1.3183999999999999e+001 -4.0000000000000000e+000  2.3366660595010984e+002
  0.0000000000000000e+000  1.3218000000000000e+001  4.0000000000000000e+000  2.3297344686695953e+002
  0.0000000000000000e+000  1.3250999999999999e+001  1.2000000000000000e+001  2.3230492489249127e+002
  0.0000000000000000e+000  1.3284000000000001e+001  2.0000000000000000e+001  2.2849439635374893e+002
  0.0000000000000000e+000  1.3318000000000000e+001  2.7000000000000000e+001  2.2263822753170507e+002
  0.0000000000000000e+000  1.3351000000000001e+001  3.5000000000000000e+001  2.1599777766769103e+002
  0.0000000000000000e+000  1.3384000000000000e+001  4.2000000000000000e+001  2.0748720574034633e+002
  0.0000000000000000e+000  1.3417999999999999e+001  4.9000000000000000e+001  1.9788131575861462e+002
  0.0000000000000000e+000  1.3451000000000001e+001  5.5000000000000000e+001  1.8832228332475461e+002
  0.0000000000000000e+000  1.3484999999999999e+001  6.2000000000000000e+001  1.7461314536369628e+002
  0.0000000000000000e+000  1.3518000000000001e+001  6.7000000000000000e+001  1.6195763214782619e+002
  0.0000000000000000e+000  1.3551000000000000e+001  7.3000000000000000e+001  1.4796377589078293e+002
  0.0000000000000000e+000  1.3585000000000001e+001  7.7000000000000000e+001  1.3253339133992813e+002
  0.0000000000000000e+000  1.3618000000000000e+001  8.2000000000000000e+001  1.1519160126279166e+002
  0.0000000000000000e+000  1.3651999999999999e+001  8.5000000000000000e+001  9.8555013976112605e+001
  0.0000000000000000e+000  1.3685000000000000e+001  8.8000000000000000e+001  8.0143212233234408e+001
  0.0000000000000000e+000  1.3718000000000000e+001  9.1000000000000000e+001  6.3687690851787920e+001
  0.0000000000000000e+000  1.3752000000000001e+001  9.2000000000000000e+001  4.3887295232487304e+001
  0.0000000000000000e+000  1.3785000000000000e+001  9.4000000000000000e+001  2.7035358601911867e+001
  0.0000000000000000e+000  1.3818000000000000e+001  9.4000000000000000e+001  8.3889116131294941e+000
  0.0000000000000000e+000  1.3852000000000000e+001  9.4000000000000000e+001 -1.1296828466078296e+001
  0.0000000000000000e+000  1.3885000000000000e+001  9.4000000000000000e+001 -2.8858359492438467e+001
  0.0000000000000000e+000  1.3919000000000000e+001  9.2000000000000000e+001 -4.9585671545864898e+001
  0.0000000000000000e+000  1.3952000000000000e+001  9.0000000000000000e+001 -6.7239763683901401e+001
  0.0000000000000000e+000  1.3984999999999999e+001  8.8000000000000000e+001 -8.6129096780423424e+001
  0.0000000000000000e+000  1.4019000000000000e+001  8.5000000000000000e+001 -1.0529691755846761e+002
  0.0000000000000000e+000  1.4052000000000000e+001  8.0000000000000000e+001 -1.2123044464660870e+002
  0.0000000000000000e+000  1.4085000000000001e+001  7.6000000000000000e+001 -1.3821378385075968e+002
  0.0000000000000000e+000  1.4119000000000000e+001  7.1000000000000000e+001 -1.5516840616425998e+002
  0.0000000000000000e+000  1.4151999999999999e+001  6.6000000000000000e+001 -1.6910814580334954e+002
  0.0000000000000000e+000  1.4186000000000000e+001  6.0000000000000000e+001 -1.8072117369954685e+002
  0.0000000000000000e+000  1.4218999999999999e+001  5.3000000000000000e+001 -1.9385367759391829e+002
  0.0000000000000000e+000  1.4252000000000001e+001  4.7000000000000000e+001 -2.0484585039371905e+002
  0.0000000000000000e+000  1.4286000000000000e+001  3.9000000000000000e+001 -2.1445393115375418e+002
  0.0000000000000000e+000  1.4319000000000001e+001  3.2000000000000000e+001 -2.2080489047653941e+002
  0.0000000000000000e+000  1.4352000000000000e+001  2.4000000000000000e+001 -2.2470819158886877e+002
  0.0000000000000000e+000  1.4385999999999999e+001  1.7000000000000000e+001 -2.2864722852176530e+002
  0.0000000000000000e+000  1.4419000000000000e+001  9.0000000000000000e+000 -2.2886465922595315e+002
  0.0000000000000000e+000  1.4452999999999999e+001  1.0000000000000000e+000 -2.2969259066938787e+002
  0.0000000000000000e+000  1.4486000000000001e+001 -7.0000000000000000e+000 -2.2857303056724083e+002
  0.0000000000000000e+000  1.4519000000000000e+001 -1.4000000000000000e+001 -2.2789848177640215e+002
  0.0000000000000000e+000  1.4553000000000001e+001 -2.2000000000000000e+001 -2.2329456114503591e+002
  0.0000000000000000e+000  1.4586000000000000e+001 -2.9000000000000000e+001 -2.1802849635451003e+002
  0.0000000000000000e+000  1.4619000000000000e+001 -3.7000000000000000e+001 -2.1122276877826880e+002
  0.0000000000000000e+000  1.4653000000000000e+001 -4.4000000000000000e+001 -2.0367954096435278e+002
  0.0000000000000000e+000  1.4686000000000000e+001 -5.1000000000000000e+001 -1.9329972079562503e+002
  0.0000000000000000e+000  1.4720000000000001e+001 -5.7000000000000000e+001 -1.8148244612440976e+002
  0.0000000000000000e+000  1.4753000000000000e+001 -6.3000000000000000e+001 -1.6726711845321097e+002
  0.0000000000000000e+000  1.4786000000000000e+001 -6.8000000000000000e+001 -1.5398952515624296e+002
  0.0000000000000000e+000  1.4820000000000000e+001 -7.3000000000000000e+001 -1.3898921882723516e+002
  0.0000000000000000e+000  1.4853000000000000e+001 -7.8000000000000000e+001 -1.2504408130135744e+002
  0.0000000000000000e+000  1.4885999999999999e+001 -8.2000000000000000e+001 -1.0954744060774010e+002
  0.0000000000000000e+000  1.4920000000000000e+001 -8.5000000000000000e+001 -9.3799102764619420e+001
  0.0000000000000000e+000  1.4952999999999999e+001 -8.8000000000000000e+001 -7.6672308754025835e+001
  0.0000000000000000e+000  1.4987000000000000e+001 -9.0000000000000000e+001 -5.7817664061417418e+001
  0.0000000000000000e+000  1.5020000000000000e+001 -9.2000000000000000e+001 -4.0589673924523595e+001
  0.0000000000000000e+000  1.5053000000000001e+001 -9.3000000000000000e+001 -2.3425800410965167e+001
  0.0000000000000000e+000  1.5087000000000000e+001 -9.4000000000000000e+001 -4.0266776150601800e+000
  0.0000000000000000e+000  1.5119999999999999e+001 -9.4000000000000000e+001  1.4565919931017561e+001
  0.0000000000000000e+000  1.5154000000000000e+001 -9.2000000000000000e+001  3.5087792219821495e+001
  0.0000000000000000e+000  1.5186999999999999e+001 -9.1000000000000000e+001  5.4375164740400578e+001
  0.0000000000000000e+000  1.5220000000000001e+001 -8.9000000000000000e+001  7.3674930098381992e+001
  0.0000000000000000e+000  1.5254000000000000e+001 -8.6000000000000000e+001  9.1210237243643860e+001
  0.0000000000000000e+000  1.5287000000000001e+001 -8.3000000000000000e+001  1.0668080106568414e+002
  0.0000000000000000e+000  1.5320000000000000e+001 -7.9000000000000000e+001  1.2454809686929912e+002
  0.0000000000000000e+000  1.5353999999999999e+001 -7.4000000000000000e+001  1.4068242418158661e+002
  0.0000000000000000e+000  1.5387000000000000e+001 -6.9000000000000000e+001  1.5521555801738396e+002
  0.0000000000000000e+000  1.5420999999999999e+001 -6.4000000000000000e+001  1.6956076214191398e+002
  0.0000000000000000e+000  1.5454000000000001e+001 -5.8000000000000000e+001  1.8137599100666921e+002
  0.0000000000000000e+000  1.5487000000000000e+001 -5.1000000000000000e+001  1.9213763763639599e+002
  0.0000000000000000e+000  1.5521000000000001e+001 -4.5000000000000000e+001  2.0289847383006509e+002
  0.0000000000000000e+000  1.5554000000000000e+001 -3.8000000000000000e+001  2.1228237607251458e+002
  0.0000000000000000e+000  1.5587000000000000e+001 -3.0000000000000000e+001  2.1835788922754523e+002
  0.0000000000000000e+000  1.5621000000000000e+001 -2.3000000000000000e+001  2.2287398928015534e+002
  0.0000000000000000e+000  1.5654000000000000e+001 -1.5000000000000000e+001  2.2795743204843842e+002
  0.0000000000000000e+000  1.5688000000000001e+001 -7.0000000000000000e+000  2.2900655476329015e+002
  0.0000000000000000e+000  1.5721000000000000e+001  0.0000000000000000e+000  2.2822147276684973e+002
  0.0000000000000000e+000  1.5754000000000000e+001  8.0000000000000000e+000  2.2832080322845968e+002
  0.0000000000000000e+000  1.5788000000000000e+001  1.6000000000000000e+001  2.2503873755327049e+002
  0.0000000000000000e+000  1.5821000000000000e+001  2.3000000000000000e+001  2.2171417656418589e+002
  0.0000000000000000e+000  1.5853999999999999e+001  3.1000000000000000e+001  2.1743118660320033e+002
  0.0000000000000000e+000  1.5888000000000000e+001  3.8000000000000000e+001  2.0929702180137429e+002
  0.0000000000000000e+000  1.5920999999999999e+001  4.5000000000000000e+001  2.0087697232925257e+002
  0.0000000000000000e+000  1.5955000000000000e+001  5.2000000000000000e+001  1.9133430331837462e+002
  0.0000000000000000e+000  1.5988000000000000e+001  5.8000000000000000e+001  1.7889901639034179e+002
  0.0000000000000000e+000  1.6021000000000001e+001  6.4000000000000000e+001  1.6675067912373379e+002
  0.0000000000000000e+000  1.6055000000000000e+001  6.9000000000000000e+001  1.5174392275089122e+002
  0.0000000000000000e+000  1.6088000000000001e+001  7.4000000000000000e+001  1.3649505522791969e+002
  0.0000000000000000e+000  1.6120999999999999e+001  7.9000000000000000e+001  1.2096936281960188e+002
  0.0000000000000000e+000  1.6155000000000001e+001  8.3000000000000000e+001  1.0374898507698344e+002
  0.0000000000000000e+000  1.6187999999999999e+001  8.5000000000000000e+001  8.7155035420733839e+001
  0.0000000000000000e+000  1.6222000000000001e+001  8.8000000000000000e+001  6.8333449927695256e+001
  0.0000000000000000e+000  1.6254999999999999e+001  9.0000000000000000e+001  5.0121074349472110e+001
  0.0000000000000000e+000  1.6288000000000000e+001  9.2000000000000000e+001  3.3694520554412520e+001
  0.0000000000000000e+000  1.6321999999999999e+001  9.2000000000000000e+001  1.7611424525852271e+001
  0.0000000000000000e+000  1.6355000000000000e+001  9.3000000000000000e+001 -1.3802678990086861e+000
  0.0000000000000000e+000  1.6388000000000002e+001  9.2000000000000000e+001 -1.9967905008958041e+001
  0.0000000000000000e+000  1.6422000000000001e+001  9.2000000000000000e+001 -3.9601830026404059e+001
  0.0000000000000000e+000  1.6454999999999998e+001  9.0000000000000000e+001 -5.7017109214648372e+001
  0.0000000000000000e+000  1.6489000000000001e+001  8.7000000000000000e+001 -7.7248180404769300e+001
  0.0000000000000000e+000  1.6521999999999998e+001  8.5000000000000000e+001 -9.4673305161421013e+001
  0.0000000000000000e+000  1.6555000000000000e+001  8.1000000000000000e+001 -1.1357307203657365e+002
  0.0000000000000000e+000  1.6588999999999999e+001  7.7000000000000000e+001 -1.2915771436818613e+002
  0.0000000000000000e+000  1.6622000000000000e+001  7.2000000000000000e+001 -1.4407763471328235e+002
  0.0000000000000000e+000  1.6655999999999999e+001  6.7000000000000000e+001 -1.6023045489474771e+002
  0.0000000000000000e+000  1.6689000000000000e+001  6.2000000000000000e+001 -1.7231002209831422e+002
  0.0000000000000000e+000  1.6722000000000001e+001  5.5000000000000000e+001 -1.8432788261195128e+002
  0.0000000000000000e+000  1.6756000000000000e+001  4.9000000000000000e+001 -1.9458415827824138e+002
  0.0000000000000000e+000  1.6789000000000001e+001  4.2000000000000000e+001 -2.0453916941856232e+002
  0.0000000000000000e+000  1.6821999999999999e+001  3.5000000000000000e+001 -2.1229033681621513e+002
  0.0000000000000000e+000  1.6856000000000002e+001  2.8000000000000000e+001 -2.1665761114817246e+002
  0.0000000000000000e+000  1.6888999999999999e+001  2.0000000000000000e+001 -2.2243557958578049e+002
  0.0000000000000000e+000  1.6922999999999998e+001  1.3000000000000000e+001 -2.2531296397340964e+002
  0.0000000000000000e+000  1.6956000000000000e+001  5.0000000000000000e+000 -2.2712300321249597e+002
  0.0000000000000000e+000  1.6989000000000001e+001 -3.0000000000000000e+000 -2.2768260290796434e+002
  0.0000000000000000e+000  1.7023000000000000e+001 -1.0000000000000000e+001 -2.2529167987776782e+002
  0.0000000000000000e+000  1.7056000000000001e+001 -1.8000000000000000e+001 -2.2327656242207286e+002
  0.0000000000000000e+000  1.7088999999999999e+001 -2.6000000000000000e+001 -2.1755838360759208e+002
  0.0000000000000000e+000  1.7123000000000001e+001 -3.3000000000000000e+001 -2.1109302885431225e+002
  0.0000000000000000e+000  1.7155999999999999e+001 -3.9000000000000000e+001 -2.0478835875597542e+002
  0.0000000000000000e+000  1.7190000000000001e+001 -4.7000000000000000e+001 -1.9431956170146168e+002
  0.0000000000000000e+000  1.7222999999999999e+001 -5.3000000000000000e+001 -1.8370844685818338e+002
  0.0000000000000000e+000  1.7256000000000000e+001 -5.9000000000000000e+001 -1.7368697532242732e+002
  0.0000000000000000e+000  1.7289999999999999e+001 -6.5000000000000000e+001 -1.6114625345801505e+002
  0.0000000000000000e+000  1.7323000000000000e+001 -7.0000000000000000e+001 -1.4498671497998384e+002
  0.0000000000000000e+000  1.7356000000000002e+001 -7.5000000000000000e+001 -1.3079274723034723e+002
  0.0000000000000000e+000  1.7390000000000001e+001 -7.9000000000000000e+001 -1.1441756187762076e+002
  0.0000000000000000e+000  1.7422999999999998e+001 -8.2000000000000000e+001 -9.7858513589100767e+001
  0.0000000000000000e+000  1.7457000000000001e+001 -8.5000000000000000e+001 -8.1256439943961595e+001
  0.0000000000000000e+000  1.7489999999999998e+001 -8.8000000000000000e+001 -6.4419586259920834e+001
  0.0000000000000000e+000  1.7523000000000000e+001 -9.0000000000000000e+001 -4.8368540563993520e+001
  0.0000000000000000e+000  1.7556999999999999e+001 -9.1000000000000000e+001 -3.1035909158805225e+001
  0.0000000000000000e+000  1.7590000000000000e+001 -9.2000000000000000e+001 -1.2331678363667379e+001
  0.0000000000000000e+000  1.7623000000000001e+001 -9.2000000000000000e+001  7.4375730797164579e+000
  0.0000000000000000e+000  1.7657000000000000e+001 -9.2000000000000000e+001  2.6606729199071196e+001
  0.0000000000000000e+000  1.7690000000000001e+001 -9.0000000000000000e+001  4.4848830271830593e+001
  0.0000000000000000e+000  1.7724000000000000e+001 -8.8000000000000000e+001  6.4461876190978728e+001
  0.0000000000000000e+000  1.7757000000000001e+001 -8.6000000000000000e+001  8.2441352432339045e+001
  0.0000000000000000e+000  1.7789999999999999e+001 -8.3000000000000000e+001  9.9836808370363542e+001
  0.0000000000000000e+000  1.7824000000000002e+001 -7.9000000000000000e+001  1.1480067320945273e+002
  0.0000000000000000e+000  1.7856999999999999e+001 -7.5000000000000000e+001  1.3035383290145364e+002
  0.0000000000000000e+000  1.7890999999999998e+001 -7.0000000000000000e+001  1.4593538500058003e+002
  0.0000000000000000e+000  1.7923999999999999e+001 -6.5000000000000000e+001  1.5903384102440577e+002
  0.0000000000000000e+000  1.7957000000000001e+001 -5.9000000000000000e+001  1.7072093410655452e+002
  0.0000000000000000e+000  1.7991000000000000e+001 -5.4000000000000000e+001  1.8236941889601712e+002
  0.0000000000000000e+000  1.8024000000000001e+001 -4.7000000000000000e+001  1.9208204036068582e+002
  0.0000000000000000e+000  1.8056999999999999e+001 -4.1000000000000000e+001  2.0116921264807343e+002
  0.0000000000000000e+000  1.8091000000000001e+001 -3.3000000000000000e+001  2.0906969354304101e+002
  0.0000000000000000e+000  1.8123999999999999e+001 -2.6000000000000000e+001  2.1742162170445727e+002
  0.0000000000000000e+000  1.8158000000000001e+001 -1.9000000000000000e+001  2.2129487199572281e+002
  0.0000000000000000e+000  1.8190999999999999e+001 -1.1000000000000000e+001  2.2526103642162138e+002
  0.0000000000000000e+000  1.8224000000000000e+001 -4.0000000000000000e+000  2.2557502918465178e+002
  0.0000000000000000e+000  1.8257999999999999e+001  4.0000000000000000e+000  2.2631517549144633e+002
  0.0000000000000000e+000  1.8291000000000000e+001  1.2000000000000000e+001  2.2531010789227503e+002
  0.0000000000000000e+000  1.8324000000000002e+001  2.0000000000000000e+001  2.2095350131294617e+002
  0.0000000000000000e+000  1.8358000000000001e+001  2.7000000000000000e+001  2.1607119426598274e+002
  0.0000000000000000e+000  1.8390999999999998e+001  3.4000000000000000e+001  2.0828284076478576e+002
  0.0000000000000000e+000  1.8425000000000001e+001  4.1000000000000000e+001  1.9893220972979907e+002
  0.0000000000000000e+000  1.8457999999999998e+001  4.7000000000000000e+001  1.8958898028237127e+002
  0.0000000000000000e+000  1.8491000000000000e+001  5.4000000000000000e+001  1.8106787462559168e+002
  0.0000000000000000e+000  1.8524999999999999e+001  6.0000000000000000e+001  1.7001026797498434e+002
  0.0000000000000000e+000  1.8558000000000000e+001  6.5000000000000000e+001  1.5805158513906645e+002
  0.0000000000000000e+000  1.8591000000000001e+001  7.1000000000000000e+001  1.4486568430257466e+002
  0.0000000000000000e+000  1.8625000000000000e+001  7.5000000000000000e+001  1.2790303785680044e+002
  0.0000000000000000e+000  1.8658000000000001e+001  7.9000000000000000e+001  1.1222478417322236e+002
  0.0000000000000000e+000  1.8692000000000000e+001  8.3000000000000000e+001  9.5022951180704695e+001
  0.0000000000000000e+000  1.8725000000000001e+001  8.6000000000000000e+001  7.6081016148787967e+001
  0.0000000000000000e+000  1.8757999999999999e+001  8.8000000000000000e+001  5.9536415339282030e+001
  0.0000000000000000e+000  1.8792000000000002e+001  9.0000000000000000e+001  4.0418431442152723e+001
  0.0000000000000000e+000  1.8824999999999999e+001  9.0000000000000000e+001  2.1657035816240750e+001
  0.0000000000000000e+000  1.8858000000000001e+001  9.1000000000000000e+001  4.1442059409328067e+000
  0.0000000000000000e+000  1.8891999999999999e+001  9.1000000000000000e+001 -1.3406379668331283e+001
  0.0000000000000000e+000  1.8925000000000001e+001  9.0000000000000000e+001 -3.1000806045891295e+001
  0.0000000000000000e+000  1.8959000000000000e+001  8.9000000000000000e+001 -4.8017722391437928e+001
  0.0000000000000000e+000  1.8992000000000001e+001  8.7000000000000000e+001 -6.7385569975514954e+001
  0.0000000000000000e+000  1.9024999999999999e+001  8.5000000000000000e+001 -8.5316086813643778e+001
  0.0000000000000000e+000  1.9059000000000001e+001  8.1000000000000000e+001 -1.0291913887080591e+002
  0.0000000000000000e+000  1.9091999999999999e+001  7.7000000000000000e+001 -1.2044598647582097e+002
  0.0000000000000000e+000  1.9125000000000000e+001  7.3000000000000000e+001 -1.3599259389306280e+002
  0.0000000000000000e+000  1.9158999999999999e+001  6.8000000000000000e+001 -1.5072791456306732e+002
  0.0000000000000000e+000  1.9192000000000000e+001  6.3000000000000000e+001 -1.6199873706024482e+002
  0.0000000000000000e+000  1.9225999999999999e+001  5.7000000000000000e+001 -1.7417745105025642e+002
  0.0000000000000000e+000  1.9259000000000000e+001  5.1000000000000000e+001 -1.8550939495601597e+002
  0.0000000000000000e+000  1.9292000000000002e+001  4.4000000000000000e+001 -1.9489760626727775e+002
  0.0000000000000000e+000  1.9326000000000001e+001  3.8000000000000000e+001 -2.0355421487670537e+002
  0.0000000000000000e+000  1.9359000000000002e+001  3.1000000000000000e+001 -2.0997007041812094e+002
  0.0000000000000000e+000  1.9393000000000001e+001  2.3000000000000000e+001 -2.1556005022591216e+002
  0.0000000000000000e+000  1.9425999999999998e+001  1.6000000000000000e+001 -2.1943671086844779e+002
  0.0000000000000000e+000  1.9459000000000000e+001  9.0000000000000000e+000 -2.2386545790833947e+002
  0.0000000000000000e+000  1.9492999999999999e+001  1.0000000000000000e+000 -2.2425039266196370e+002
  0.0000000000000000e+000  1.9526000000000000e+001 -7.0000000000000000e+000 -2.2286052668121374e+002
  0.0000000000000000e+000  1.9559000000000001e+001 -1.4000000000000000e+001 -2.2148200320094702e+002
  0.0000000000000000e+000  1.9593000000000000e+001 -2.2000000000000000e+001 -2.1748864618918560e+002
  0.0000000000000000e+000  1.9626000000000001e+001 -2.9000000000000000e+001 -2.1061210242339894e+002
  0.0000000000000000e+000  1.9660000000000000e+001 -3.6000000000000000e+001 -2.0234130651989744e+002
  0.0000000000000000e+000  1.9693000000000001e+001 -4.3000000000000000e+001 -1.9430238660582745e+002
  0.0000000000000000e+000  1.9725999999999999e+001 -4.9000000000000000e+001 -1.8371287362783187e+002
  0.0000000000000000e+000  1.9760000000000002e+001 -5.5000000000000000e+001 -1.7280004128310429e+002
  0.0000000000000000e+000  1.9792999999999999e+001 -6.1000000000000000e+001 -1.6094521242285828e+002
  0.0000000000000000e+000  1.9826000000000001e+001 -6.6000000000000000e+001 -1.4802843968426259e+002
  0.0000000000000000e+000  1.9859999999999999e+001 -7.1000000000000000e+001 -1.3513464583284258e+002
  0.0000000000000000e+000  1.9893000000000001e+001 -7.5000000000000000e+001 -1.2105268709001757e+002
  0.0000000000000000e+000  1.9927000000000000e+001 -7.9000000000000000e+001 -1.0501413463554127e+002
  0.0000000000000000e+000  1.9960000000000001e+001 -8.2000000000000000e+001 -8.9813742475840627e+001
  0.0000000000000000e+000  1.9992999999999999e+001 -8.5000000000000000e+001 -7.3490764868240149e+001
  0.0000000000000000e+000  2.0027000000000001e+001 -8.8000000000000000e+001 -5.6495168471046782e+001
  0.0000000000000000e+000  2.0059999999999999e+001 -8.9000000000000000e+001 -3.8882203342240246e+001
  0.0000000000000000e+000  2.0093000000000000e+001 -9.0000000000000000e+001 -2.1068228251855544e+001
  0.0000000000000000e+000  2.0126999999999999e+001 -9.0000000000000000e+001 -1.1635486603136087e+000
  0.0000000000000000e+000  2.0160000000000000e+001 -9.0000000000000000e+001  1.8192898186007369e+001
  0.0000000000000000e+000  2.0193999999999999e+001 -8.9000000000000000e+001  3.5775136652753645e+001
  0.0000000000000000e+000  2.0227000000000000e+001 -8.8000000000000000e+001  5.3649387776416916e+001
  0.0000000000000000e+000  2.0260000000000002e+001 -8.6000000000000000e+001  7.0941590270987945e+001
  0.0000000000000000e+000  2.0294000000000000e+001 -8.3000000000000000e+001  8.9500394804023017e+001
  0.0000000000000000e+000  2.0327000000000002e+001 -7.9000000000000000e+001  1.0646699477744005e+002
  0.0000000000000000e+000  2.0359999999999999e+001 -7.5000000000000000e+001  1.2291291567221833e+002
  0.0000000000000000e+000  2.0393999999999998e+001 -7.1000000000000000e+001  1.3722883323624592e+002
  0.0000000000000000e+000  2.0427000000000000e+001 -6.7000000000000000e+001  1.4944945406019633e+002
  0.0000000000000000e+000  2.0460999999999999e+001 -6.1000000000000000e+001  1.6105167961430743e+002
  0.0000000000000000e+000  2.0494000000000000e+001 -5.5000000000000000e+001  1.7341130226511814e+002
  0.0000000000000000e+000  2.0527000000000001e+001 -4.9000000000000000e+001  1.8572712506873904e+002
  0.0000000000000000e+000  2.0561000000000000e+001 -4.3000000000000000e+001  1.9624387593242955e+002
  0.0000000000000000e+000  2.0594000000000001e+001 -3.6000000000000000e+001  2.0271517059802272e+002
  0.0000000000000000e+000  2.0626999999999999e+001 -2.9000000000000000e+001  2.0920183060004001e+002
  0.0000000000000000e+000  2.0661000000000001e+001 -2.2000000000000000e+001  2.1544799748337027e+002
  0.0000000000000000e+000  2.0693999999999999e+001 -1.4000000000000000e+001  2.2012366251782865e+002
  0.0000000000000000e+000  2.0728000000000002e+001 -7.0000000000000000e+000  2.2137324265096487e+002
  0.0000000000000000e+000  2.0760999999999999e+001  1.0000000000000000e+000  2.2152598896170957e+002
  0.0000000000000000e+000  2.0794000000000000e+001  8.0000000000000000e+000  2.2025805568584246e+002
  0.0000000000000000e+000  2.0827999999999999e+001  1.6000000000000000e+001  2.1607490231280553e+002
  0.0000000000000000e+000  2.0861000000000001e+001  2.3000000000000000e+001  2.1277899856861677e+002
  0.0000000000000000e+000  2.0895000000000000e+001  3.0000000000000000e+001  2.0620156420757212e+002
  0.0000000000000000e+000  2.0928000000000001e+001  3.7000000000000000e+001  1.9991935398049736e+002
  0.0000000000000000e+000  2.0960999999999999e+001  4.3000000000000000e+001  1.9128654931477922e+002
  0.0000000000000000e+000  2.0995000000000001e+001  5.0000000000000000e+001  1.8264640771727409e+002
  0.0000000000000000e+000  2.1027999999999999e+001  5.6000000000000000e+001  1.7290988151895635e+002
  0.0000000000000000e+000  2.1061000000000000e+001  6.2000000000000000e+001  1.6114980671230478e+002
  0.0000000000000000e+000  2.1094999999999999e+001  6.7000000000000000e+001  1.4809689553308090e+002
  0.0000000000000000e+000  2.1128000000000000e+001  7.1000000000000000e+001  1.3227135413877659e+002
  0.0000000000000000e+000  2.1161999999999999e+001  7.6000000000000000e+001  1.1630438379914631e+002
  0.0000000000000000e+000  2.1195000000000000e+001  8.0000000000000000e+001  1.0033933984414216e+002
  0.0000000000000000e+000  2.1228000000000002e+001  8.3000000000000000e+001  8.5422599257783077e+001
  0.0000000000000000e+000  2.1262000000000000e+001  8.5000000000000000e+001  6.8814294747646272e+001
  0.0000000000000000e+000  2.1295000000000002e+001  8.7000000000000000e+001  5.0089095812958476e+001
  0.0000000000000000e+000  2.1327999999999999e+001  8.8000000000000000e+001  3.2921917438627133e+001
  0.0000000000000000e+000  2.1361999999999998e+001  9.0000000000000000e+001  1.5995444290876549e+001
  0.0000000000000000e+000  2.1395000000000000e+001  9.0000000000000000e+001 -7.1047901754172926e-001
  0.0000000000000000e+000  2.1428999999999998e+001  9.0000000000000000e+001 -2.0033809360695159e+001
  0.0000000000000000e+000  2.1462000000000000e+001  8.8000000000000000e+001 -3.9236485405934218e+001
  0.0000000000000000e+000  2.1495000000000001e+001  8.7000000000000000e+001 -5.9975216049600931e+001
  0.0000000000000000e+000  2.1529000000000000e+001  8.5000000000000000e+001 -7.7711925081595837e+001
  0.0000000000000000e+000  2.1562000000000001e+001  8.1000000000000000e+001 -9.4930531607955345e+001
  0.0000000000000000e+000  2.1594999999999999e+001  7.8000000000000000e+001 -1.0983643393556849e+002
  0.0000000000000000e+000  2.1629000000000001e+001  7.4000000000000000e+001 -1.2712781421083309e+002
  0.0000000000000000e+000  2.1661999999999999e+001  6.9000000000000000e+001 -1.4143913371470808e+002
  0.0000000000000000e+000  2.1696000000000002e+001  6.5000000000000000e+001 -1.5375435466471208e+002
  0.0000000000000000e+000  2.1728999999999999e+001  5.9000000000000000e+001 -1.6768239773641199e+002
  0.0000000000000000e+000  2.1762000000000000e+001  5.3000000000000000e+001 -1.7929477036789285e+002
  0.0000000000000000e+000  2.1795999999999999e+001  4.7000000000000000e+001 -1.8921977231385154e+002
  0.0000000000000000e+000  2.1829000000000001e+001  4.0000000000000000e+001 -1.9921750591337968e+002
  0.0000000000000000e+000  2.1861999999999998e+001  3.3000000000000000e+001 -2.0428495215551402e+002
  0.0000000000000000e+000  2.1896000000000001e+001  2.6000000000000000e+001 -2.0938851330109492e+002
  0.0000000000000000e+000  2.1928999999999998e+001  1.9000000000000000e+001 -2.1359116146446217e+002
  0.0000000000000000e+000  2.1963000000000001e+001  1.2000000000000000e+001 -2.1524004352666907e+002
  0.0000000000000000e+000  2.1995999999999999e+001  5.0000000000000000e+000 -2.1688419940340367e+002
  0.0000000000000000e+000  2.2029000000000000e+001 -3.0000000000000000e+000 -2.1812331518859560e+002
  0.0000000000000000e+000  2.2062999999999999e+001 -1.0000000000000000e+001 -2.1754103339630001e+002
  0.0000000000000000e+000  2.2096000000000000e+001 -1.8000000000000000e+001 -2.1552796070665499e+002
  0.0000000000000000e+000  2.2129000000000001e+001 -2.5000000000000000e+001 -2.1084346326412015e+002
  0.0000000000000000e+000  2.2163000000000000e+001 -3.2000000000000000e+001 -2.0339862124402498e+002
  0.0000000000000000e+000  2.2196000000000002e+001 -3.9000000000000000e+001 -1.9643351581655133e+002
  0.0000000000000000e+000  2.2230000000000000e+001 -4.5000000000000000e+001 -1.8592165706140167e+002
  0.0000000000000000e+000  2.2263000000000002e+001 -5.1000000000000000e+001 -1.7662991235410118e+002
  0.0000000000000000e+000  2.2295999999999999e+001 -5.7000000000000000e+001 -1.6594435829665599e+002
  0.0000000000000000e+000  2.2329999999999998e+001 -6.3000000000000000e+001 -1.5336775439531084e+002
  0.0000000000000000e+000  2.2363000000000000e+001 -6.8000000000000000e+001 -1.4142325754765443e+002
  0.0000000000000000e+000  2.2396999999999998e+001 -7.2000000000000000e+001 -1.2637861277302909e+002
  0.0000000000000000e+000  2.2430000000000000e+001 -7.6000000000000000e+001 -1.1014912194026329e+002
  0.0000000000000000e+000  2.2463000000000001e+001 -8.0000000000000000e+001 -9.3410203028828619e+001
  0.0000000000000000e+000  2.2497000000000000e+001 -8.2000000000000000e+001 -7.7031906185113257e+001
  0.0000000000000000e+000  2.2530000000000001e+001 -8.5000000000000000e+001 -6.1474396713871101e+001
  0.0000000000000000e+000  2.2562999999999999e+001 -8.7000000000000000e+001 -4.4088714005041766e+001
  0.0000000000000000e+000  2.2597000000000001e+001 -8.8000000000000000e+001 -2.6086883342035435e+001
  0.0000000000000000e+000  2.2629999999999999e+001 -8.8000000000000000e+001 -1.0360384535388221e+001
  0.0000000000000000e+000  2.2664000000000001e+001 -8.8000000000000000e+001  8.9051144032146112e+000
  0.0000000000000000e+000  2.2696999999999999e+001 -8.8000000000000000e+001  2.6088112356825150e+001
  0.0000000000000000e+000  2.2730000000000000e+001 -8.7000000000000000e+001  4.2470597501123848e+001
  0.0000000000000000e+000  2.2763999999999999e+001 -8.5000000000000000e+001  5.9506212581223735e+001
  0.0000000000000000e+000  2.2797000000000001e+001 -8.3000000000000000e+001  7.7576453686398963e+001
  0.0000000000000000e+000  2.2829999999999998e+001 -8.0000000000000000e+001  9.5860240938061906e+001
  0.0000000000000000e+000  2.2864000000000001e+001 -7.6000000000000000e+001  1.1263104313299118e+002
  0.0000000000000000e+000  2.2896999999999998e+001 -7.2000000000000000e+001  1.2750542560838585e+002
  0.0000000000000000e+000  2.2931000000000001e+001 -6.7000000000000000e+001  1.4213705581366321e+002
  0.0000000000000000e+000  2.2963999999999999e+001 -6.3000000000000000e+001  1.5415819885492783e+002
  0.0000000000000000e+000  2.2997000000000000e+001 -5.7000000000000000e+001  1.6488928346571811e+002
  0.0000000000000000e+000  2.3030999999999999e+001 -5.1000000000000000e+001  1.7597522684869000e+002
  0.0000000000000000e+000  2.3064000000000000e+001 -4.5000000000000000e+001  1.8581025024331757e+002
  0.0000000000000000e+000  2.3097000000000001e+001 -3.9000000000000000e+001  1.9598875499742826e+002
  0.0000000000000000e+000  2.3131000000000000e+001 -3.2000000000000000e+001  2.0246903714942164e+002
  0.0000000000000000e+000  2.3164000000000001e+001 -2.5000000000000000e+001  2.0904409841602910e+002
  0.0000000000000000e+000  2.3198000000000000e+001 -1.8000000000000000e+001  2.1449331909180137e+002
  0.0000000000000000e+000  2.3231000000000002e+001 -1.0000000000000000e+001  2.1813128586185434e+002
  0.0000000000000000e+000  2.3263999999999999e+001 -3.0000000000000000e+000  2.1900990743965440e+002
  0.0000000000000000e+000  2.3297999999999998e+001  5.0000000000000000e+000  2.1814412141866160e+002
  0.0000000000000000e+000  2.3331000000000000e+001  1.2000000000000000e+001  2.1606404037138464e+002
  0.0000000000000000e+000  2.3364000000000001e+001  1.9000000000000000e+001  2.1117519070409799e+002
  0.0000000000000000e+000  2.3398000000000000e+001  2.6000000000000000e+001  2.0685102223539161e+002
  0.0000000000000000e+000  2.3431000000000001e+001  3.3000000000000000e+001  2.0074966167100683e+002
  0.0000000000000000e+000  2.3465000000000000e+001  4.0000000000000000e+001  1.9457898270460464e+002
  0.0000000000000000e+000  2.3498000000000001e+001  4.6000000000000000e+001  1.8681203582503713e+002
  0.0000000000000000e+000  2.3530999999999999e+001  5.3000000000000000e+001  1.7723071007260842e+002
  0.0000000000000000e+000  2.3565000000000001e+001  5.8000000000000000e+001  1.6491990731745136e+002
  0.0000000000000000e+000  2.3597999999999999e+001  6.4000000000000000e+001  1.5186536928154055e+002
  0.0000000000000000e+000  2.3631000000000000e+001  6.9000000000000000e+001  1.3768390872865893e+002
  0.0000000000000000e+000  2.3664999999999999e+001  7.3000000000000000e+001  1.2066395783206644e+002
  0.0000000000000000e+000  2.3698000000000000e+001  7.7000000000000000e+001  1.0604560355664580e+002
  0.0000000000000000e+000  2.3731999999999999e+001  8.0000000000000000e+001  8.7786110097937126e+001
  0.0000000000000000e+000  2.3765000000000001e+001  8.3000000000000000e+001  7.1805348333271468e+001
  0.0000000000000000e+000  2.3797999999999998e+001  8.5000000000000000e+001  5.6458802193619704e+001
  0.0000000000000000e+000  2.3832000000000001e+001  8.6000000000000000e+001  3.9231704228806848e+001
  0.0000000000000000e+000  2.3864999999999998e+001  8.8000000000000000e+001  2.3100223824158093e+001
  0.0000000000000000e+000  2.3899000000000001e+001  8.8000000000000000e+001  5.1208178362194303e+000
  0.0000000000000000e+000  2.3931999999999999e+001  8.8000000000000000e+001 -1.1647250026859183e+001
  0.0000000000000000e+000  2.3965000000000000e+001  8.8000000000000000e+001 -2.9029734472143900e+001
  0.0000000000000000e+000  2.3998999999999999e+001  8.6000000000000000e+001 -4.9231405126894970e+001
  0.0000000000000000e+000  2.4032000000000000e+001  8.4000000000000000e+001 -6.6065154191028341e+001
  0.0000000000000000e+000  2.4065000000000001e+001  8.2000000000000000e+001 -8.3941977021666389e+001
  0.0000000000000000e+000  2.4099000000000000e+001  7.8000000000000000e+001 -1.0167348092822067e+002
  0.0000000000000000e+000  2.4132000000000001e+001  7.5000000000000000e+001 -1.1594851994232886e+002
  0.0000000000000000e+000  2.4166000000000000e+001  7.0000000000000000e+001 -1.3137245976688428e+002
  0.0000000000000000e+000  2.4199000000000002e+001  6.6000000000000000e+001 -1.4582821211980081e+002
  0.0000000000000000e+000  2.4231999999999999e+001  6.1000000000000000e+001 -1.5766697745202327e+002
  0.0000000000000000e+000  2.4265999999999998e+001  5.5000000000000000e+001 -1.7100028581769038e+002
  0.0000000000000000e+000  2.4298999999999999e+001  4.9000000000000000e+001 -1.8090570662476330e+002
  0.0000000000000000e+000  2.4332000000000001e+001  4.3000000000000000e+001 -1.9141813533026925e+002
  0.0000000000000000e+000  2.4366000000000000e+001  3.6000000000000000e+001 -1.9895872760584825e+002
  0.0000000000000000e+000  2.4399000000000001e+001  2.9000000000000000e+001 -2.0442463835323224e+002
  0.0000000000000000e+000  2.4433000000000000e+001  2.2000000000000000e+001 -2.0911449517897245e+002
  0.0000000000000000e+000  2.4466000000000001e+001  1.5000000000000000e+001 -2.1245951593792677e+002
  0.0000000000000000e+000  2.4498999999999999e+001  8.0000000000000000e+000 -2.1362092860560080e+002
  0.0000000000000000e+000  2.4533000000000001e+001  1.0000000000000000e+000 -2.1388724142119872e+002
  0.0000000000000000e+000  2.4565999999999999e+001 -7.0000000000000000e+000 -2.1376795374436847e+002
  0.0000000000000000e+000  2.4599000000000000e+001 -1.4000000000000000e+001 -2.1221129332837199e+002
  0.0000000000000000e+000  2.4632999999999999e+001 -2.1000000000000000e+001 -2.0901610208123293e+002
  0.0000000000000000e+000  2.4666000000000000e+001 -2.8000000000000000e+001 -2.0404745384569833e+002
  0.0000000000000000e+000  2.4699999999999999e+001 -3.5000000000000000e+001 -1.9586390582786316e+002
  0.0000000000000000e+000  2.4733000000000001e+001 -4.1000000000000000e+001 -1.8870249404486276e+002
  0.0000000000000000e+000  2.4765999999999998e+001 -4.8000000000000000e+001 -1.8009832418426231e+002
  0.0000000000000000e+000  2.4800000000000001e+001 -5.4000000000000000e+001 -1.6911625984531929e+002
  0.0000000000000000e+000  2.4832999999999998e+001 -5.9000000000000000e+001 -1.5734928109505563e+002
  0.0000000000000000e+000  2.4866000000000000e+001 -6.4000000000000000e+001 -1.4450612497443944e+002
  0.0000000000000000e+000  2.4899999999999999e+001 -6.9000000000000000e+001 -1.2868300117329272e+002
  0.0000000000000000e+000  2.4933000000000000e+001 -7.3000000000000000e+001 -1.1462035231608388e+002
  0.0000000000000000e+000  2.4966999999999999e+001 -7.7000000000000000e+001 -9.9640942351272315e+001
  0.0000000000000000e+000  2.5000000000000000e+001 -8.0000000000000000e+001 -8.3282887589191887e+001
  0.0000000000000000e+000  2.5033000000000001e+001 -8.2000000000000000e+001 -6.6340246928068154e+001
  0.0000000000000000e+000  2.5067000000000000e+001 -8.4000000000000000e+001 -4.9383788441002253e+001
  0.0000000000000000e+000  2.5100000000000001e+001 -8.6000000000000000e+001 -3.2423830555104360e+001
  0.0000000000000000e+000  2.5132999999999999e+001 -8.6000000000000000e+001 -1.6562272378172565e+001
  0.0000000000000000e+000  2.5167000000000002e+001 -8.7000000000000000e+001 -5.7702141477057012e-001
  0.0000000000000000e+000  2.5199999999999999e+001 -8.6000000000000000e+001  1.6248147062231510e+001
  0.0000000000000000e+000  2.5234000000000002e+001 -8.6000000000000000e+001  3.3730950145381939e+001
  0.0000000000000000e+000  2.5266999999999999e+001 -8.4000000000000000e+001  4.8911293690829552e+001
  0.0000000000000000e+000  2.5300000000000001e+001 -8.2000000000000000e+001  6.6477061979545397e+001
  0.0000000000000000e+000  2.5334000000000000e+001 -8.0000000000000000e+001  8.2563086168398513e+001
  0.0000000000000000e+000  2.5367000000000001e+001 -7.7000000000000000e+001  1.0027897548334658e+002
  0.0000000000000000e+000  2.5401000000000000e+001 -7.3000000000000000e+001  1.1562550084624490e+002
  0.0000000000000000e+000  2.5434000000000001e+001 -6.9000000000000000e+001  1.3130192513376278e+002
  0.0000000000000000e+000  2.5466999999999999e+001 -6.4000000000000000e+001  1.4645206141366180e+002
  0.0000000000000000e+000  2.5501000000000001e+001 -5.9000000000000000e+001  1.5907691494399842e+002
  0.0000000000000000e+000  2.5533999999999999e+001 -5.3000000000000000e+001  1.6964873663433627e+002
  0.0000000000000000e+000  2.5567000000000000e+001 -4.7000000000000000e+001  1.7960072168016904e+002
  0.0000000000000000e+000  2.5600999999999999e+001 -4.1000000000000000e+001  1.8800993941077922e+002
  0.0000000000000000e+000  2.5634000000000000e+001 -3.5000000000000000e+001  1.9582362865509185e+002
  0.0000000000000000e+000  2.5667999999999999e+001 -2.8000000000000000e+001  2.0153415226397374e+002
  0.0000000000000000e+000  2.5701000000000001e+001 -2.1000000000000000e+001  2.0736558600903663e+002
  0.0000000000000000e+000  2.5734000000000002e+001 -1.4000000000000000e+001  2.1257959009198089e+002
  0.0000000000000000e+000  2.5768000000000001e+001 -6.0000000000000000e+000  2.1545427078270882e+002
  0.0000000000000000e+000  2.5800999999999998e+001  1.0000000000000000e+000  2.1559422341034747e+002
  0.0000000000000000e+000  2.5834000000000000e+001  8.0000000000000000e+000  2.1423442211046813e+002
  0.0000000000000000e+000  2.5867999999999999e+001  1.5000000000000000e+001  2.1137546018225294e+002
  0.0000000000000000e+000  2.5901000000000000e+001  2.3000000000000000e+001  2.0670259480622008e+002
  0.0000000000000000e+000  2.5934999999999999e+001  2.9000000000000000e+001  2.0204733193061020e+002
  0.0000000000000000e+000  2.5968000000000000e+001  3.6000000000000000e+001  1.9556903586136468e+002
  0.0000000000000000e+000  2.6001000000000001e+001  4.3000000000000000e+001  1.8729477558430699e+002
  0.0000000000000000e+000  2.6035000000000000e+001  4.9000000000000000e+001  1.7603959088409829e+002
  0.0000000000000000e+000  2.6068000000000001e+001  5.5000000000000000e+001  1.6673669288872043e+002
  0.0000000000000000e+000  2.6100999999999999e+001  6.0000000000000000e+001  1.5297459293837892e+002
  0.0000000000000000e+000  2.6135000000000002e+001  6.5000000000000000e+001  1.3820183353784523e+002
  0.0000000000000000e+000  2.6167999999999999e+001  6.9000000000000000e+001  1.2491770573789836e+002
  0.0000000000000000e+000  2.6202000000000002e+001  7.4000000000000000e+001  1.0984341998224590e+002
  0.0000000000000000e+000  2.6234999999999999e+001  7.7000000000000000e+001  9.5454655253544843e+001
  0.0000000000000000e+000  2.6268000000000001e+001  8.0000000000000000e+001  7.9852304876090784e+001
  0.0000000000000000e+000  2.6302000000000000e+001  8.2000000000000000e+001  6.3609144511330669e+001
  0.0000000000000000e+000  2.6335000000000001e+001  8.4000000000000000e+001  4.6278812451771955e+001
  0.0000000000000000e+000  2.6367999999999999e+001  8.6000000000000000e+001  3.1581456508240080e+001
  0.0000000000000000e+000  2.6402000000000001e+001  8.6000000000000000e+001  1.5199662134336904e+001
  0.0000000000000000e+000  2.6434999999999999e+001  8.6000000000000000e+001 -8.4384525346467854e-001
  0.0000000000000000e+000  2.6469000000000001e+001  8.6000000000000000e+001 -1.9444316030921982e+001
  0.0000000000000000e+000  2.6501999999999999e+001  8.6000000000000000e+001 -3.7642546381586726e+001
  0.0000000000000000e+000  2.6535000000000000e+001  8.4000000000000000e+001 -5.3838465589771658e+001
  0.0000000000000000e+000  2.6568999999999999e+001  8.2000000000000000e+001 -7.2652207684466703e+001
  0.0000000000000000e+000  2.6602000000000000e+001  7.9000000000000000e+001 -9.1727064825827256e+001
  0.0000000000000000e+000  2.6635000000000002e+001  7.5000000000000000e+001 -1.0961511897916898e+002
  0.0000000000000000e+000  2.6669000000000000e+001  7.1000000000000000e+001 -1.2434337304517612e+002
  0.0000000000000000e+000  2.6702000000000002e+001  6.7000000000000000e+001 -1.3849269070383889e+002
  0.0000000000000000e+000  2.6736000000000001e+001  6.2000000000000000e+001 -1.5070324030164011e+002
  0.0000000000000000e+000  2.6768999999999998e+001  5.7000000000000000e+001 -1.6159227119640855e+002
  0.0000000000000000e+000  2.6802000000000000e+001  5.1000000000000000e+001 -1.7311196328236474e+002
  0.0000000000000000e+000  2.6835999999999999e+001  4.5000000000000000e+001 -1.8380732094356790e+002
  0.0000000000000000e+000  2.6869000000000000e+001  3.8000000000000000e+001 -1.9191224222844994e+002
  0.0000000000000000e+000  2.6902999999999999e+001  3.2000000000000000e+001 -1.9887867772125992e+002
  0.0000000000000000e+000  2.6936000000000000e+001  2.5000000000000000e+001 -2.0355108510316950e+002
  0.0000000000000000e+000  2.6969000000000001e+001  1.8000000000000000e+001 -2.0780271382367755e+002
  0.0000000000000000e+000  2.7003000000000000e+001  1.1000000000000000e+001 -2.0989412929824107e+002
  0.0000000000000000e+000  2.7036000000000001e+001  4.0000000000000000e+000 -2.1270429982701125e+002
  0.0000000000000000e+000  2.7068999999999999e+001 -3.0000000000000000e+000 -2.1197233045241182e+002
  0.0000000000000000e+000  2.7103000000000002e+001 -1.1000000000000000e+001 -2.1022066683518688e+002
  0.0000000000000000e+000  2.7135999999999999e+001 -1.8000000000000000e+001 -2.0760044555440527e+002
  0.0000000000000000e+000  2.7170000000000002e+001 -2.5000000000000000e+001 -2.0266545873174164e+002
  0.0000000000000000e+000  2.7202999999999999e+001 -3.1000000000000000e+001 -1.9615640113067820e+002
  0.0000000000000000e+000  2.7236000000000001e+001 -3.8000000000000000e+001 -1.8763383266503570e+002
  0.0000000000000000e+000  2.7270000000000000e+001 -4.4000000000000000e+001 -1.7949673053741662e+002
  0.0000000000000000e+000  2.7303000000000001e+001 -5.0000000000000000e+001 -1.7070923475199925e+002
  0.0000000000000000e+000  2.7335999999999999e+001 -5.6000000000000000e+001 -1.6083476481711659e+002
  0.0000000000000000e+000  2.7370000000000001e+001 -6.1000000000000000e+001 -1.4737475225461276e+002
  0.0000000000000000e+000  2.7402999999999999e+001 -6.6000000000000000e+001 -1.3479818969432927e+002
  0.0000000000000000e+000  2.7437000000000001e+001 -7.0000000000000000e+001 -1.1969966883286179e+002
  0.0000000000000000e+000  2.7469999999999999e+001 -7.4000000000000000e+001 -1.0453581181576010e+002
  0.0000000000000000e+000  2.7503000000000000e+001 -7.7000000000000000e+001 -9.0286037602229044e+001
  0.0000000000000000e+000  2.7536999999999999e+001 -8.0000000000000000e+001 -7.4620545077941642e+001
  0.0000000000000000e+000  2.7570000000000000e+001 -8.2000000000000000e+001 -5.9949693424445286e+001
  0.0000000000000000e+000  2.7603000000000002e+001 -8.4000000000000000e+001 -4.3695896276727581e+001
  0.0000000000000000e+000  2.7637000000000000e+001 -8.5000000000000000e+001 -2.7141317868345141e+001
  0.0000000000000000e+000  2.7670000000000002e+001 -8.6000000000000000e+001 -9.9240605902905372e+000
  0.0000000000000000e+000  2.7704000000000001e+001 -8.6000000000000000e+001  8.0037154287329031e+000
  0.0000000000000000e+000  2.7736999999999998e+001 -8.6000000000000000e+001  2.6607492552742769e+001
  0.0000000000000000e+000  2.7770000000000000e+001 -8.4000000000000000e+001  4.4553424414856636e+001
  0.0000000000000000e+000  2.7803999999999998e+001 -8.2000000000000000e+001  6.3484603048867939e+001
  0.0000000000000000e+000  2.7837000000000000e+001 -8.0000000000000000e+001  8.0311205190142573e+001
  0.0000000000000000e+000  2.7870000000000001e+001 -7.7000000000000000e+001  9.6345710542735105e+001
  0.0000000000000000e+000  2.7904000000000000e+001 -7.3000000000000000e+001  1.0985353210587709e+002
  0.0000000000000000e+000  2.7937000000000001e+001 -6.9000000000000000e+001  1.2396994385137259e+002
  0.0000000000000000e+000  2.7971000000000000e+001 -6.5000000000000000e+001  1.3804885520744938e+002
  0.0000000000000000e+000  2.8004000000000001e+001 -6.0000000000000000e+001  1.4953057449332664e+002
  0.0000000000000000e+000  2.8036999999999999e+001 -5.5000000000000000e+001  1.6015653098243638e+002
  0.0000000000000000e+000  2.8071000000000002e+001 -4.9000000000000000e+001  1.7128279295416633e+002
  0.0000000000000000e+000  2.8103999999999999e+001 -4.3000000000000000e+001  1.8168363431173111e+002
  0.0000000000000000e+000  2.8137000000000000e+001 -3.7000000000000000e+001  1.8962116849443737e+002
  0.0000000000000000e+000  2.8170999999999999e+001 -3.0000000000000000e+001  1.9698458279076613e+002
  0.0000000000000000e+000  2.8204000000000001e+001 -2.4000000000000000e+001  2.0212075902867491e+002
  0.0000000000000000e+000  2.8238000000000000e+001 -1.6000000000000000e+001  2.0652161221541405e+002
  0.0000000000000000e+000  2.8271000000000001e+001 -1.0000000000000000e+001  2.0982868232018598e+002
  0.0000000000000000e+000  2.8303999999999998e+001 -2.0000000000000000e+000  2.1102581906269836e+002
  0.0000000000000000e+000  2.8338000000000001e+001  5.0000000000000000e+000  2.1143098882619552e+002
  0.0000000000000000e+000  2.8370999999999999e+001  1.2000000000000000e+001  2.0816577652529440e+002
  0.0000000000000000e+000  2.8405000000000001e+001  1.9000000000000000e+001  2.0591039232647563e+002
  0.0000000000000000e+000  2.8437999999999999e+001  2.6000000000000000e+001  1.9951926011491923e+002
  0.0000000000000000e+000  2.8471000000000000e+001  3.3000000000000000e+001  1.9447403724810101e+002
  0.0000000000000000e+000  2.8504999999999999e+001  3.9000000000000000e+001  1.8724163645288536e+002
  0.0000000000000000e+000  2.8538000000000000e+001  4.5000000000000000e+001  1.7903299262832297e+002
  0.0000000000000000e+000  2.8571000000000002e+001  5.1000000000000000e+001  1.6936129602233268e+002
  0.0000000000000000e+000  2.8605000000000000e+001  5.7000000000000000e+001  1.5876848910588706e+002
  0.0000000000000000e+000  2.8638000000000002e+001  6.2000000000000000e+001  1.4861055291462435e+002
  0.0000000000000000e+000  2.8672000000000001e+001  6.7000000000000000e+001  1.3495805813769221e+002
  0.0000000000000000e+000  2.8704999999999998e+001  7.1000000000000000e+001  1.1975938433635929e+002
  0.0000000000000000e+000  2.8738000000000000e+001  7.5000000000000000e+001  1.0377461283929006e+002
  0.0000000000000000e+000  2.8771999999999998e+001  7.9000000000000000e+001  8.7460352267014969e+001
  0.0000000000000000e+000  2.8805000000000000e+001  8.1000000000000000e+001  7.0735168959066868e+001
  0.0000000000000000e+000  2.8838000000000001e+001  8.3000000000000000e+001  5.3845581613913964e+001
  0.0000000000000000e+000  2.8872000000000000e+001  8.4000000000000000e+001  3.5330919874833853e+001
  0.0000000000000000e+000  2.8905000000000001e+001  8.5000000000000000e+001  1.8746627132069989e+001
  0.0000000000000000e+000  2.8939000000000000e+001  8.6000000000000000e+001  1.6597800637682667e+000
  0.0000000000000000e+000  2.8972000000000001e+001  8.6000000000000000e+001 -1.4924512678995598e+001
  0.0000000000000000e+000  2.9004999999999999e+001  8.5000000000000000e+001 -3.1508805421759462e+001
  0.0000000000000000e+000  2.9039000000000001e+001  8.3000000000000000e+001 -4.8595652490063003e+001
