% o a w
  0.0000000000000000e+000  5.0000000000000000e+000  1.1383885512243586e+000 -1.1529003145007297e+000  9.1977959058677250e-001
  0.0000000000000000e+000  5.1666666666666670e+000  1.2753554896511765e+000 -1.2368061522522706e+000  7.1937977921297058e-001
  0.0000000000000000e+000  5.3333333333333330e+000  1.3897036702636778e+000 -1.2763514116536250e+000  4.9994686484440010e-001
  0.0000000000000000e+000  5.5000000000000000e+000  1.4464413322481351e+000 -1.3036403724203929e+000  2.9225192777073428e-001
  0.0000000000000000e+000  5.6666666666666670e+000  1.4738786990005335e+000 -1.3032325411093300e+000  7.0284447491220092e-002
  0.0000000000000000e+000  6.0000000000000000e+000  1.4327903031373772e+000 -1.2797784683042845e+000 -3.6881322636437641e-001
  0.0000000000000000e+000  6.1666666666666670e+000  1.3491467638162189e+000 -1.2338826622015366e+000 -5.7992981701488144e-001
  0.0000000000000000e+000  6.3333333333333330e+000  1.2360594894780819e+000 -1.2014149341974960e+000 -7.8403061509545768e-001
  0.0000000000000000e+000  6.5000000000000000e+000  1.0703555136476024e+000 -1.0975376171687348e+000 -9.9835329214608404e-001
  0.0000000000000000e+000  6.6666666666666670e+000  8.9388147495241965e-001 -9.3289517567816027e-001 -1.1686686754839353e+000
  0.0000000000000000e+000  6.8333333333333330e+000  6.7691485184247679e-001 -6.9583644900484565e-001 -1.3090786427361676e+000
  0.0000000000000000e+000  7.0000000000000000e+000  4.1965086213510383e-001 -4.4082293126129990e-001 -1.4045688364499105e+000
  0.0000000000000000e+000  7.1666666666666670e+000  1.8362232616927998e-001 -1.6016435669830287e-001 -1.4651532294175729e+000
  0.0000000000000000e+000  7.3333333333333330e+000 -7.0306464118624623e-002  1.2686303788013298e-001 -1.4634401737114411e+000
  0.0000000000000000e+000  7.5000000000000000e+000 -3.2615581224345314e-001  4.1528164161419134e-001 -1.4083718370877927e+000
  0.0000000000000000e+000  7.6666666666666670e+000 -5.7637522059118362e-001  6.6523496174849939e-001 -1.3254272023502667e+000
  0.0000000000000000e+000  7.8333333333333330e+000 -7.9529882998543711e-001  8.7867353001897630e-001 -1.1886826013730598e+000
  0.0000000000000000e+000  8.0000000000000000e+000 -9.7501177917183757e-001  1.0559890954431750e+000 -1.0165909084959370e+000
  0.0000000000000000e+000  8.1666666666666661e+000 -1.1324597669369387e+000  1.1644097539849649e+000 -8.2161257479580030e-001
  0.0000000000000000e+000  8.3333333333333339e+000 -1.2535300472730704e+000  1.2238545485810004e+000 -6.2243118470902559e-001
  0.0000000000000000e+000  8.5000000000000000e+000 -1.3429392780777971e+000  1.2635267027116726e+000 -4.1767665499909334e-001
  0.0000000000000000e+000  8.6666666666666661e+000 -1.4010180528265583e+000  1.2964006655439682e+000 -1.9924879954067443e-001
  0.0000000000000000e+000  9.0000000000000000e+000 -1.3986055122719576e+000  1.2815149190899846e+000  2.3893805653682776e-001
  0.0000000000000000e+000  9.1666666666666661e+000 -1.3258176636680323e+000  1.2417954474366080e+000  4.5378406839842533e-001
  0.0000000000000000e+000  9.3333333333333339e+000 -1.2268272070715356e+000  1.2091472392220854e+000  6.6394792607310116e-001
  0.0000000000000000e+000  9.5000000000000000e+000 -1.1008196883778889e+000  1.1176518055515192e+000  8.7226722121021361e-001
  0.0000000000000000e+000  9.6666666666666661e+000 -9.3576959140458271e-001  9.8395671140711727e-001  1.0407351909658979e+000
  0.0000000000000000e+000  9.8333333333333339e+000 -7.4541947627415839e-001  8.0585201670731799e-001  1.1964898550077194e+000
  0.0000000000000000e+000  1.0000000000000000e+001 -5.2090978084821593e-001  6.0347917104647308e-001  1.3249485629400484e+000
  0.0000000000000000e+000  1.0166666666666666e+001 -2.7246314940379190e-001  3.3803986822261578e-001  1.4080731303369127e+000
  0.0000000000000000e+000  1.0333333333333334e+001 -4.2228402113002161e-002  4.4340151329635091e-002  1.4430923790914099e+000
  0.0000000000000000e+000  1.0500000000000000e+001  2.2785704871709966e-001 -2.5262450491871036e-001  1.4208539334325927e+000
  0.0000000000000000e+000  1.0666666666666666e+001  4.7606933032276122e-001 -5.3118105993455167e-001  1.3507695908845232e+000
  0.0000000000000000e+000  1.0833333333333334e+001  6.9652398858434039e-001 -7.6434393502913345e-001  1.2457045920373133e+000
  0.0000000000000000e+000  1.1000000000000000e+001  8.9388147495241965e-001 -9.5041678145209652e-001  1.0840388784219126e+000
  0.0000000000000000e+000  1.1166666666666666e+001  1.0636978224025597e+000 -1.0883021279511000e+000  9.0909244415347423e-001
  0.0000000000000000e+000  1.1333333333333334e+001  1.2055948770067235e+000 -1.1692888990747596e+000  7.2150611542293497e-001
  0.0000000000000000e+000  1.1500000000000000e+001  1.3093175110826474e+000 -1.2323548394324813e+000  5.2026630328724366e-001
  0.0000000000000000e+000  1.1666666666666666e+001  1.3921653202809472e+000 -1.2850310032927785e+000  3.0699420832364233e-001
  0.0000000000000000e+000  1.1833333333333334e+001  1.4056476493802696e+000 -1.3007845141672643e+000  8.7297507445413203e-002
  0.0000000000000000e+000  1.2166666666666666e+001  1.3761107874109466e+000 -1.2555599648363818e+000 -3.4690009100948060e-001
  0.0000000000000000e+000  1.2333333333333334e+001  1.2924966677897851e+000 -1.2038742434130807e+000 -5.5711614245350027e-001
  0.0000000000000000e+000  1.2500000000000000e+001  1.1749458854574806e+000 -1.1610280996343452e+000 -7.4863579643829858e-001
  0.0000000000000000e+000  1.2666666666666666e+001  1.0327521189692717e+000 -1.0573693095576058e+000 -9.5945163924273835e-001
  0.0000000000000000e+000  1.2833333333333334e+001  8.4415398611317094e-001 -9.0378279898152059e-001 -1.1208097672999138e+000
  0.0000000000000000e+000  1.3000000000000000e+001  6.4630222191537690e-001 -6.7283733012853020e-001 -1.2559273319361681e+000
  0.0000000000000000e+000  1.3166666666666666e+001  4.1399900261219980e-001 -4.3503982519790085e-001 -1.3561804217905953e+000
  0.0000000000000000e+000  1.3333333333333334e+001  1.6977827396833844e-001 -1.5950521101543202e-001 -1.4050697552459002e+000
  0.0000000000000000e+000  1.3500000000000000e+001 -8.4306732526206796e-002  1.3329949949125819e-001 -1.4121411314513805e+000
  0.0000000000000000e+000  1.3666666666666666e+001 -3.2615581224345314e-001  4.1025591388182647e-001 -1.3615375848457614e+000
  0.0000000000000000e+000  1.3833333333333334e+001 -5.5258435029071418e-001  6.6345177485666795e-001 -1.2660878763876990e+000
  0.0000000000000000e+000  1.4000000000000000e+001 -7.6540082942429777e-001  8.6497905845683931e-001 -1.1299290475406192e+000
  0.0000000000000000e+000  1.4166666666666666e+001 -9.3576959140458271e-001  1.0201536655394294e+000 -9.7143569323265311e-001
  0.0000000000000000e+000  1.4333333333333334e+001 -1.1008196883778889e+000  1.1435782504263190e+000 -7.8570200886367303e-001
  0.0000000000000000e+000  1.4500000000000000e+001 -1.2136623162741031e+000  1.2249368434308834e+000 -5.8324714310863257e-001
  0.0000000000000000e+000  1.4666666666666666e+001 -1.2847448850775782e+000  1.2703087316922590e+000 -3.7603907490601074e-001
  0.0000000000000000e+000  1.4833333333333334e+001 -1.3429392780777971e+000  1.2861623282974723e+000 -1.5228926896311634e-001
  0.0000000000000000e+000  1.5166666666666666e+001 -1.3120254348311988e+000  1.2437833387549233e+000  2.7142881603026936e-001
  0.0000000000000000e+000  1.5333333333333334e+001 -1.2535300472730704e+000  1.1937085228475226e+000  4.7624103533936690e-001
  0.0000000000000000e+000  1.5500000000000000e+001 -1.1511454646597929e+000  1.1613020070814386e+000  6.7805442929580551e-001
  0.0000000000000000e+000  1.5666666666666666e+001 -1.0182119765041824e+000  1.0684584674931159e+000  8.7414464861816121e-001
  0.0000000000000000e+000  1.5833333333333334e+001 -8.4532631851865636e-001  9.2187146100128103e-001  1.0468820107053869e+000
  0.0000000000000000e+000  1.6000000000000000e+001 -6.5483206859782062e-001  7.2696543361996291e-001  1.1861564964639930e+000
  0.0000000000000000e+000  1.6166666666666668e+001 -4.3833655985795783e-001  5.0313687315904332e-001  1.2933757362152098e+000
  0.0000000000000000e+000  1.6333333333333332e+001 -2.1109333322274670e-001  2.5669966129311916e-001  1.3578281248355959e+000
  0.0000000000000000e+000  1.6500000000000000e+001  4.2228402113001939e-002 -1.5953602940360412e-002  1.3831458764287987e+000
  0.0000000000000000e+000  1.6666666666666668e+001  2.7246314940379168e-001 -2.8842004229292684e-001  1.3572473025453142e+000
  0.0000000000000000e+000  1.6833333333333332e+001  5.1391968099853380e-001 -5.5435360101227360e-001  1.2829355040492061e+000
  0.0000000000000000e+000  1.7000000000000000e+001  7.2664234068172551e-001 -7.8279727778457442e-001  1.1604670249309663e+000
  0.0000000000000000e+000  1.7166666666666668e+001  9.1340722207064506e-001 -9.6438941174679904e-001  1.0188804397373588e+000
  0.0000000000000000e+000  1.7333333333333332e+001  1.0703555136476024e+000 -1.1119023347042565e+000  8.3298276448399022e-001
  0.0000000000000000e+000  1.7500000000000000e+001  1.1877192612578888e+000 -1.2052477526807341e+000  6.3805820288528636e-001
  0.0000000000000000e+000  1.7666666666666668e+001  1.2924966677897851e+000 -1.2601504295245149e+000  4.3148880668666934e-001
  0.0000000000000000e+000  1.7833333333333332e+001  1.3491467638162189e+000 -1.2845583932355487e+000  2.1483513910405350e-001
  0.0000000000000000e+000  1.8333333333333332e+001  1.2886725946521811e+000 -1.1964606684520023e+000 -4.2155256413415287e-001
  0.0000000000000000e+000  1.8500000000000000e+001  1.1877192612578888e+000 -1.1252286054251250e+000 -6.2309280175683668e-001
  0.0000000000000000e+000  1.8666666666666668e+001  1.0636978224025597e+000 -1.0908494709093013e+000 -8.0479675562694197e-001
  0.0000000000000000e+000  1.8833333333333332e+001  9.0482708941578671e-001 -9.6636460630719867e-001 -1.0060767336054770e+000
  0.0000000000000000e+000  1.9000000000000000e+001  7.1620188477886559e-001 -7.8951671245872745e-001 -1.1468576118016589e+000
  0.0000000000000000e+000  1.9166666666666668e+001  5.1391968099853380e-001 -5.3779436283064186e-001 -1.2617205989080178e+000
  0.0000000000000000e+000  1.9333333333333332e+001  2.7246314940379168e-001 -2.9280461431986637e-001 -1.3350981135672282e+000
  0.0000000000000000e+000  1.9500000000000000e+001  4.2228402113001939e-002 -1.8571014431753241e-002 -1.3625169113626807e+000
  0.0000000000000000e+000  1.9666666666666668e+001 -2.0018106796588886e-001  2.5776799246497006e-001 -1.3444893839808163e+000
  0.0000000000000000e+000  1.9833333333333332e+001 -4.2544963737004249e-001  5.1729027191576549e-001 -1.2698105224679370e+000
  0.0000000000000000e+000  2.0000000000000000e+001 -6.4630222191537712e-001  7.4764153653207899e-001 -1.1648144040766333e+000
  0.0000000000000000e+000  2.0166666666666668e+001 -8.2537685052073861e-001  9.2765799768083568e-001 -1.0173726699041197e+000
  0.0000000000000000e+000  2.0333333333333332e+001 -9.9442110620371293e-001  1.0759182061860555e+000 -8.4630425636690987e-001
  0.0000000000000000e+000  2.0500000000000000e+001 -1.1197266708063731e+000  1.1753710422284582e+000 -6.4943255440029546e-001
  0.0000000000000000e+000  2.0666666666666668e+001 -1.2136623162741031e+000  1.2257798142721850e+000 -4.4957828616907136e-001
  0.0000000000000000e+000  2.0833333333333332e+001 -1.2712643377249737e+000  1.2433322387856887e+000 -2.3684038344358171e-001
  0.0000000000000000e+000  2.1000000000000000e+001 -1.2886725946521813e+000  1.2399736492060485e+000 -2.8765270211199123e-002
  0.0000000000000000e+000  2.1333333333333332e+001 -1.2268272070715356e+000  1.1810710834404201e+000  3.7743889265442476e-001
  0.0000000000000000e+000  2.1500000000000000e+001 -1.1511454646597929e+000  1.1326353649651466e+000  5.7437955686459574e-001
  0.0000000000000000e+000  2.1666666666666668e+001 -1.0447299077981329e+000  1.0975577725459864e+000  7.5947517167445255e-001
  0.0000000000000000e+000  2.1833333333333332e+001 -8.8506681588861014e-001  9.9128881579711958e-001  9.5061906768311033e-001
  0.0000000000000000e+000  2.2000000000000000e+001 -7.1620188477886559e-001  8.2621268093208045e-001  1.1108850528937158e+000
  0.0000000000000000e+000  2.2166666666666668e+001 -4.9488744243107430e-001  5.8154859359377298e-001  1.2347386663901760e+000
  0.0000000000000000e+000  2.2333333333333332e+001 -2.7246314940379190e-001  3.1291891823742191e-001  1.3063504136094841e+000
  0.0000000000000000e+000  2.2500000000000000e+001 -4.2228402113002161e-002  3.8021705132607053e-002  1.3415820737303044e+000
  0.0000000000000000e+000  2.2666666666666668e+001  1.8362232616927998e-001 -2.2134947250029313e-001  1.3164904537066917e+000
  0.0000000000000000e+000  2.2833333333333332e+001  4.1965086213510383e-001 -4.7460191214507219e-001  1.2594477801962469e+000
  0.0000000000000000e+000  2.3000000000000000e+001  6.2356073215902541e-001 -6.9159042879752874e-001  1.1606957365643922e+000
  0.0000000000000000e+000  2.3166666666666668e+001  8.2537685052073828e-001 -8.9505124930317237e-001  1.0254332770712260e+000
  0.0000000000000000e+000  2.3333333333333332e+001  9.8279372324732905e-001 -1.0535057689584502e+000  8.5265720823332458e-001
  0.0000000000000000e+000  2.3500000000000000e+001  1.1133214788988715e+000 -1.1661985060079645e+000  6.6417662306071890e-001
  0.0000000000000000e+000  2.3666666666666668e+001  1.2006254989526799e+000 -1.2146671510862390e+000  4.5678874028800820e-001
  0.0000000000000000e+000  2.3833333333333332e+001  1.2712643377249735e+000 -1.2394163818205572e+000  2.5291479348341284e-001
  0.0000000000000000e+000  2.4000000000000000e+001  1.2886725946521811e+000 -1.2299912463323741e+000  4.3234140949223843e-002
  0.0000000000000000e+000  2.4333333333333332e+001  1.2315037123408519e+000 -1.1758536237803332e+000 -3.6055346943808431e-001
  0.0000000000000000e+000  2.4500000000000000e+001  1.1640492550689256e+000 -1.1207198057596326e+000 -5.5926104501356022e-001
  0.0000000000000000e+000  2.4666666666666668e+001  1.0376406212872666e+000 -1.0809618904288563e+000 -7.4108970007454644e-001
  0.0000000000000000e+000  2.4833333333333332e+001  8.9605538457134382e-001 -9.6867679687175823e-001 -9.2971083138735011e-001
  0.0000000000000000e+000  2.5000000000000000e+001  7.2547000827624042e-001 -8.0867897492849039e-001 -1.0856473811782799e+000
  0.0000000000000000e+000  2.5166666666666668e+001  5.2606641899676343e-001 -5.7749758383918959e-001 -1.1982865033259600e+000
  0.0000000000000000e+000  2.5333333333333332e+001  2.9953198906992307e-001 -3.2472026532423826e-001 -1.2819525464742489e+000
  0.0000000000000000e+000  2.5500000000000000e+001  7.0306464118624401e-002 -6.2177713051099204e-002 -1.3166321404603796e+000
  0.0000000000000000e+000  2.5666666666666668e+001 -1.5586820139832258e-001  2.1063696955919653e-001 -1.3001249924322398e+000
  0.0000000000000000e+000  2.5833333333333332e+001 -3.8831871817246610e-001  4.5787810162477882e-001 -1.2375628433319896e+000
  0.0000000000000000e+000  2.6000000000000000e+001 -5.8408105502280749e-001  6.6540687302814305e-001 -1.1423137780982913e+000
  0.0000000000000000e+000  2.6166666666666668e+001 -7.6579283254024366e-001  8.3891386319704253e-001 -1.0131977946611173e+000
  0.0000000000000000e+000  2.6333333333333332e+001 -9.3576959140458271e-001  9.9186422260343576e-001 -8.5291484286071295e-001
  0.0000000000000000e+000  2.6500000000000000e+001 -1.0759088843638223e+000  1.1165324131505443e+000 -6.8100076330547665e-001
  0.0000000000000000e+000  2.6666666666666668e+001 -1.1749458854574808e+000  1.2091121513789655e+000 -4.8270616335400263e-001
  0.0000000000000000e+000  2.6833333333333332e+001 -1.2268272070715356e+000  1.2725146152109383e+000 -2.6537336960309688e-001
  0.0000000000000000e+000  2.7000000000000000e+001 -1.2621454597180315e+000  1.2867764612650792e+000 -4.6296887445649304e-002
  0.0000000000000000e+000  2.7166666666666668e+001 -1.2446405145514436e+000  1.2617105456862170e+000  1.6600012376719775e-001
  0.0000000000000000e+000  2.7333333333333332e+001 -1.2055948770067237e+000  1.2195906969102737e+000  3.7203978358689938e-001
  0.0000000000000000e+000  2.7500000000000000e+001 -1.1257801020393554e+000  1.1578661031217372e+000  5.7979147702669209e-001
  0.0000000000000000e+000  2.7666666666666668e+001 -1.0019484683735378e+000  1.0582350186605822e+000  7.6500410587434686e-001
  0.0000000000000000e+000  2.7833333333333332e+001 -8.5325498625375218e-001  9.1055464952622600e-001  9.3839427600643432e-001
  0.0000000000000000e+000  2.8000000000000000e+001 -6.7691485184247702e-001  7.3523092651876709e-001  1.0792241380012921e+000
  0.0000000000000000e+000  2.8166666666666668e+001 -4.8251329502247708e-001  5.2149288833359719e-001  1.1839340933365223e+000
  0.0000000000000000e+000  2.8333333333333332e+001 -2.7246314940379190e-001  2.9181235560570684e-001  1.2559933161507850e+000
  0.0000000000000000e+000  2.8500000000000000e+001 -4.2228402113002161e-002  4.3795151805234411e-002  1.2865148768520607e+000
  0.0000000000000000e+000  2.8666666666666668e+001  1.8362232616927998e-001 -2.1428548261386737e-001  1.2734976282536135e+000
  0.0000000000000000e+000  2.8833333333333332e+001  4.0674707172597091e-001 -4.6331441570951171e-001  1.2136319615919362e+000
  0.0000000000000000e+000  2.9000000000000000e+001  6.0374933339743631e-001 -6.8289708157075424e-001  1.1091332265859712e+000
  0.0000000000000000e+000  2.9166666666666668e+001  7.8539816339744828e-001 -8.5894990822404793e-001  9.8117287485773375e-001
  0.0000000000000000e+000  2.9333333333333332e+001  9.3576959140458282e-001 -1.0104336786451356e+000  8.1581935451512066e-001
  0.0000000000000000e+000  2.9500000000000000e+001  1.0623070027152066e+000 -1.1117047029668448e+000  6.4106708848326832e-001
  0.0000000000000000e+000  2.9666666666666668e+001  1.1640492550689256e+000 -1.1863553725874085e+000  4.4787183576427481e-001
  0.0000000000000000e+000  2.9833333333333332e+001  1.2220253232109894e+000 -1.2257284374555786e+000  2.3840035700065698e-001
  0.0000000000000000e+000  3.0333333333333332e+001  1.1770981028348724e+000 -1.1354527514477333e+000 -3.6944233908535296e-001
  0.0000000000000000e+000  3.0500000000000000e+001  1.1008196883778887e+000 -1.0608051153154907e+000 -5.5659368190607239e-001
  0.0000000000000000e+000  3.0666666666666668e+001  9.7501177917183768e-001 -1.0233222260080623e+000 -7.2756162162042770e-001
  0.0000000000000000e+000  3.0833333333333332e+001  8.2537685052073828e-001 -9.0489494603162512e-001 -9.1817634840951712e-001
  0.0000000000000000e+000  3.1000000000000000e+001  6.6596923737910974e-001 -7.4090208759987775e-001 -1.0528296033083784e+000
  0.0000000000000000e+000  3.1166666666666668e+001  4.6997663841700787e-001 -5.1176115958621438e-001 -1.1508345204159269e+000
  0.0000000000000000e+000  3.1333333333333332e+001  2.5877089196369751e-001 -3.0164129720990474e-001 -1.2230915062398626e+000
  0.0000000000000000e+000  3.1500000000000000e+001  4.2228402113001939e-002 -7.4834878702070284e-002 -1.2640466624941560e+000
  0.0000000000000000e+000  3.1666666666666668e+001 -1.6977827396833867e-001  1.7763029785871254e-001 -1.2519103767372197e+000
  0.0000000000000000e+000  3.1833333333333332e+001 -4.0122879900484887e-001  4.3833204150766392e-001 -1.1981333602087894e+000
  0.0000000000000000e+000  3.2000000000000000e+001 -5.9578454762305899e-001  6.6796714057010576e-001 -1.1058936242644926e+000
  0.0000000000000000e+000  3.2166666666666664e+001 -7.8539816339744828e-001  8.7033350076563565e-001 -9.7389176168858427e-001
  0.0000000000000000e+000  3.2333333333333336e+001 -9.3283532752538623e-001  1.0293189512084382e+000 -8.0099677686222748e-001
  0.0000000000000000e+000  3.2500000000000000e+001 -1.0516502125483740e+000  1.1335018350972188e+000 -6.2085532441328439e-001
  0.0000000000000000e+000  3.2666666666666664e+001 -1.1498057525426510e+000  1.1917667920802204e+000 -4.1936055327141730e-001
  0.0000000000000000e+000  3.2833333333333336e+001 -1.1928280152986233e+000  1.2331932206240586e+000 -2.1828416048732890e-001
  0.0000000000000000e+000  3.3000000000000000e+001 -1.2184876021207551e+000  1.2449296255594544e+000 -8.9187540183601755e-003
  0.0000000000000000e+000  3.3166666666666664e+001 -1.2055948770067237e+000  1.2436553771409358e+000  2.0537807398937247e-001
  0.0000000000000000e+000  3.3333333333333336e+001 -1.1498057525426510e+000  1.2069140412904638e+000  4.0698033179808846e-001
  0.0000000000000000e+000  3.3500000000000000e+001 -1.0584068664841588e+000  1.1323302930128527e+000  6.1179153782798323e-001
  0.0000000000000000e+000  3.3666666666666664e+001 -9.4099299137447812e-001  1.0253127551211421e+000  7.9838126026015743e-001
  0.0000000000000000e+000  3.3833333333333336e+001 -7.8539816339744828e-001  8.6102020336386431e-001  9.5812457175567189e-001
  0.0000000000000000e+000  3.4000000000000000e+001 -6.0730522516625074e-001  6.6236529660191223e-001  1.0898433752525012e+000
  0.0000000000000000e+000  3.4166666666666664e+001 -4.0674707172597113e-001  4.3333381465623688e-001  1.1879165941188949e+000
  0.0000000000000000e+000  3.4333333333333336e+001 -1.8362232616928020e-001  1.7617049642218063e-001  1.2384761939961506e+000
  0.0000000000000000e+000  3.4500000000000000e+001  2.8161566987892295e-002 -8.5846461614899283e-002  1.2466176009479479e+000
  0.0000000000000000e+000  3.4666666666666664e+001  2.4497866312686400e-001 -3.2795477436394549e-001  1.2077487024411084e+000
  0.0000000000000000e+000  3.4833333333333336e+001  4.5106965598852344e-001 -5.4432767800062010e-001  1.1275094374449530e+000
  0.0000000000000000e+000  3.5000000000000000e+001  6.3197424181860307e-001 -7.2083708203840402e-001  1.0222536917921019e+000
  0.0000000000000000e+000  3.5166666666666664e+001  8.0539549737059879e-001 -8.6624409519875201e-001  8.8352752048854200e-001
  0.0000000000000000e+000  3.5333333333333336e+001  9.3576959140458282e-001 -9.8852334172683243e-001  7.2538350542674834e-001
  0.0000000000000000e+000  3.5500000000000000e+001  1.0498865459466808e+000 -1.0800511524205660e+000  5.5296742297338852e-001
  0.0000000000000000e+000  3.5666666666666664e+001  1.1263771168937977e+000 -1.1542208170738837e+000  3.6067450344461349e-001
  0.0000000000000000e+000  3.5833333333333336e+001  1.1715755572196440e+000 -1.2086690822452160e+000  1.6562030288146445e-001
  0.0000000000000000e+000  3.6000000000000000e+001  1.1902899496825317e+000 -1.2331079773288520e+000 -4.4976234440781582e-002
  0.0000000000000000e+000  3.6166666666666664e+001  1.1640492550689256e+000 -1.2292366420493508e+000 -2.5358417219729290e-001
  0.0000000000000000e+000  3.6333333333333336e+001  1.1008196883778887e+000 -1.1735576863123889e+000 -4.6030491167655185e-001
  0.0000000000000000e+000  3.6500000000000000e+001  9.9860268278690256e-001 -1.0773601171178129e+000 -6.5609689244636371e-001
  0.0000000000000000e+000  3.6666666666666664e+001  8.6522814910968560e-001 -9.3861138150031564e-001 -8.2595334079615768e-001
  0.0000000000000000e+000  3.6833333333333336e+001  7.1620188477886559e-001 -7.7242027351037734e-001 -9.7139924621587781e-001
  0.0000000000000000e+000  3.7000000000000000e+001  5.3315570550762992e-001 -5.8792994081760241e-001 -1.0858043231406995e+000
  0.0000000000000000e+000  3.7166666666666664e+001  3.4396911972336119e-001 -3.7924887078814606e-001 -1.1703661770280203e+000
  0.0000000000000000e+000  3.7333333333333336e+001  1.2786991855999985e-001 -1.4505355405277953e-001 -1.2205559450171082e+000
  0.0000000000000000e+000  3.7500000000000000e+001 -9.8273953256009294e-002  1.1456239724105899e-001 -1.2218187566987897e+000
  0.0000000000000000e+000  3.7666666666666664e+001 -2.9953198906992329e-001  3.7409044193710628e-001 -1.1837303071173437e+000
  0.0000000000000000e+000  3.7833333333333336e+001 -5.0709850439233684e-001  6.0749963533627493e-001 -1.0934009362426735e+000
  0.0000000000000000e+000  3.8000000000000000e+001 -6.7691485184247702e-001  8.0451469760283345e-001 -9.6696731158721150e-001
  0.0000000000000000e+000  3.8166666666666664e+001 -8.3486273199903982e-001  9.4663666805447377e-001 -8.2129155050073877e-001
  0.0000000000000000e+000  3.8333333333333336e+001 -9.7134384195315926e-001  1.0537604784618164e+000 -6.4464421018006846e-001
  0.0000000000000000e+000  3.8500000000000000e+001 -1.0636978224025597e+000  1.1302974003490966e+000 -4.6348719172700470e-001
  0.0000000000000000e+000  3.8666666666666664e+001 -1.1133214788988717e+000  1.1616874885565738e+000 -2.6587969451789206e-001
  0.0000000000000000e+000  3.8833333333333336e+001 -1.1441688336680205e+000  1.1783176636351951e+000 -6.4182920222400242e-002
  0.0000000000000000e+000  3.9000000000000000e+001 -1.1383885512243586e+000  1.1692859351612110e+000  1.2763658834205671e-001
  0.0000000000000000e+000  3.9166666666666664e+001 -1.1071487177940904e+000  1.1505106690636886e+000  3.1891523243430697e-001
  0.0000000000000000e+000  3.9333333333333336e+001 -1.0447299077981329e+000  1.1198686283585708e+000  5.1665654834251740e-001
  0.0000000000000000e+000  3.9500000000000000e+001 -9.2449410487951944e-001  1.0386787388750207e+000  7.0380784705994870e-001
  0.0000000000000000e+000  3.9666666666666664e+001 -7.9529882998543711e-001  8.9601261961192336e-001  8.7379626686243483e-001
  0.0000000000000000e+000  3.9833333333333336e+001 -6.1533954180539219e-001  7.0645773151662894e-001  1.0135528960367708e+000
  0.0000000000000000e+000  4.0000000000000000e+001 -4.3833655985795783e-001  4.8847172539341699e-001  1.1091688293553421e+000
  0.0000000000000000e+000  4.0166666666666664e+001 -2.3109066719589721e-001  2.6097331783673638e-001  1.1779516659745686e+000
  0.0000000000000000e+000  4.0333333333333336e+001 -4.2830932668727506e-002  3.8608960921358459e-002  1.1965432535064924e+000
  0.0000000000000000e+000  4.0500000000000000e+001  1.8622284041114145e-001 -2.0257219490564893e-001  1.1892989012571107e+000
  0.0000000000000000e+000  4.0666666666666664e+001  3.9369822396002419e-001 -4.3335990944975578e-001  1.1337519028364689e+000
  0.0000000000000000e+000  4.0833333333333336e+001  5.7637522059118362e-001 -6.5969980104145520e-001  1.0462581037807936e+000
  0.0000000000000000e+000  4.1000000000000000e+001  7.4541947627415828e-001 -8.4148291385523422e-001  9.0289351230228476e-001
  0.0000000000000000e+000  4.1166666666666664e+001  8.9605538457134382e-001 -9.8108524945387821e-001  7.4726548843938190e-001
  0.0000000000000000e+000  4.1333333333333336e+001  1.0062269331267966e+000 -1.0561241483983714e+000  5.7787858822848648e-001
  0.0000000000000000e+000  4.1500000000000000e+001  1.0824623757384910e+000 -1.1152200486910724e+000  3.9119000876176102e-001
  0.0000000000000000e+000  4.1666666666666664e+001  1.1383885512243586e+000 -1.1520140604756226e+000  1.9677780843885984e-001
  0.0000000000000000e+000  4.1833333333333336e+001  1.1511454646597927e+000 -1.1608740964609621e+000  5.1305473395260037e-003
  0.0000000000000000e+000  4.2000000000000000e+001  1.1383885512243586e+000 -1.1546518700878856e+000 -1.8789219203422647e-001
  0.0000000000000000e+000  4.2166666666666664e+001  1.0947269964721353e+000 -1.1351082672568751e+000 -3.8562086039812726e-001
  0.0000000000000000e+000  4.2333333333333336e+001  1.0136719366355009e+000 -1.0798872254718788e+000 -5.7201346891712035e-001
  0.0000000000000000e+000  4.2500000000000000e+001  8.8312507075616697e-001 -9.7290806327216472e-001 -7.5145411799210393e-001
  0.0000000000000000e+000  4.2666666666666664e+001  7.5570392379053875e-001 -8.3017250918550900e-001 -9.0992485064216666e-001
  0.0000000000000000e+000  4.2833333333333336e+001  5.7637522059118362e-001 -6.3862531567563252e-001 -1.0342180039630229e+000
  0.0000000000000000e+000  4.3000000000000000e+001  3.8831871817246588e-001 -4.1826595078079265e-001 -1.1202070625953340e+000
  0.0000000000000000e+000  4.3166666666666664e+001  1.8362232616927998e-001 -1.8318975713164320e-001 -1.1833755234674426e+000
  0.0000000000000000e+000  4.3333333333333336e+001 -2.8161566987892517e-002  6.4333955228484285e-002 -1.1862395418166916e+000
  0.0000000000000000e+000  4.3500000000000000e+001 -2.2785704871709989e-001  3.1977884415444890e-001 -1.1541957096007032e+000
  0.0000000000000000e+000  4.3666666666666664e+001 -4.2544963737004249e-001  5.3614704041067540e-001 -1.0793520126063854e+000
  0.0000000000000000e+000  4.3833333333333336e+001 -6.1533954180539219e-001  7.3440153645962170e-001 -9.6787531630615575e-001
  0.0000000000000000e+000  4.4000000000000000e+001 -7.5570392379053875e-001  8.8754494754873292e-001 -8.3019235664034596e-001
  0.0000000000000000e+000  4.4166666666666664e+001 -8.9605538457134415e-001  1.0009389496293206e+000 -6.6476683763229261e-001
  0.0000000000000000e+000  4.4333333333333336e+001 -9.9442110620371293e-001  1.0765089569163377e+000 -4.8372381747762461e-001
  0.0000000000000000e+000  4.4500000000000000e+001 -1.0498865459466811e+000  1.1101097123591288e+000 -3.0620019798894305e-001
  0.0000000000000000e+000  4.4666666666666664e+001 -1.0882830317724199e+000  1.1257135993746787e+000 -1.1011644454740122e-001
  0.0000000000000000e+000  4.4833333333333336e+001 -1.1008196883778889e+000  1.1376089456272904e+000  7.7048352946441412e-002
  0.0000000000000000e+000  4.5000000000000000e+001 -1.0623070027152068e+000  1.1161313657885685e+000  2.6159948554093404e-001
  0.0000000000000000e+000  4.5166666666666664e+001 -1.0062269331267966e+000  1.0849352865055764e+000  4.5487678626836470e-001
  0.0000000000000000e+000  4.5333333333333336e+001 -9.1596425819707594e-001  1.0174591154919881e+000  6.3765690617114501e-001
  0.0000000000000000e+000  4.5500000000000000e+001 -7.8539816339744828e-001  8.9351432110733953e-001  7.9575064690434516e-001
  0.0000000000000000e+000  4.5666666666666664e+001 -6.3502673539031385e-001  7.3461363169467830e-001  9.4131199141276412e-001
  0.0000000000000000e+000  4.5833333333333336e+001 -4.5106965598852344e-001  5.4590597670905794e-001  1.0529037484839421e+000
  0.0000000000000000e+000  4.6000000000000000e+001 -2.7246314940379190e-001  3.2348416125153534e-001  1.1241277476147751e+000
  0.0000000000000000e+000  4.6166666666666664e+001 -7.0306464118624623e-002  9.4470876196936615e-002  1.1608472224212658e+000
  0.0000000000000000e+000  4.6333333333333336e+001  1.4189705460416380e-001 -1.3792131347063474e-001  1.1548230827769821e+000
  0.0000000000000000e+000  4.6500000000000000e+001  3.3929261445404446e-001 -3.7187409168586072e-001  1.1184788112753132e+000
  0.0000000000000000e+000  4.6666666666666664e+001  5.2606641899676343e-001 -5.9033739799295404e-001  1.0323130495770485e+000
  0.0000000000000000e+000  4.6833333333333336e+001  6.9652398858434039e-001 -7.8796124730659045e-001  9.0878395479175822e-001
  0.0000000000000000e+000  4.7000000000000000e+001  8.4415398611317094e-001 -9.3463985355170820e-001  7.6320876287727657e-001
  0.0000000000000000e+000  4.7166666666666664e+001  9.6007036240568799e-001 -1.0488224773626449e+000  5.9345056179165567e-001
  0.0000000000000000e+000  4.7333333333333336e+001  1.0516502125483735e+000 -1.1189732064666502e+000  4.0900515521158098e-001
  0.0000000000000000e+000  4.7500000000000000e+001  1.0947269964721353e+000 -1.1537046758644403e+000  2.1358970539107958e-001
  0.0000000000000000e+000  4.7666666666666664e+001  1.1133214788988715e+000 -1.1484066353789988e+000  1.8121691216315128e-002
  0.0000000000000000e+000  4.8000000000000000e+001  1.0636978224025597e+000 -1.0747374691071467e+000 -3.5911937022557794e-001
  0.0000000000000000e+000  4.8166666666666664e+001  9.8279372324732905e-001 -1.0082498795331496e+000 -5.3358296274187467e-001
  0.0000000000000000e+000  4.8333333333333336e+001  8.6366930391872621e-001 -9.5544908467324063e-001 -6.9964903494444997e-001
  0.0000000000000000e+000  4.8500000000000000e+001  7.3593359479585685e-001 -8.3467443169884348e-001 -8.7434058531837167e-001
  0.0000000000000000e+000  4.8666666666666664e+001  5.6456939366809999e-001 -6.5228859883424661e-001 -9.9477683348311885e-001
  0.0000000000000000e+000  4.8833333333333336e+001  3.8831871817246588e-001 -4.1309158658529554e-001 -1.0825154648608510e+000
  0.0000000000000000e+000  4.9000000000000000e+001  1.8362232616927998e-001 -1.8594034823627226e-001 -1.1407030817320258e+000
  0.0000000000000000e+000  4.9166666666666664e+001 -1.4284742587396870e-002  5.3485304089335273e-002 -1.1466815524666991e+000
  0.0000000000000000e+000  4.9333333333333336e+001 -2.1406068356382169e-001  2.9203527028380449e-001 -1.1194557101772808e+000
  0.0000000000000000e+000  4.9500000000000000e+001 -4.0674707172597113e-001  4.9988756720864558e-001 -1.0456249475168065e+000
  0.0000000000000000e+000  4.9666666666666664e+001 -5.7637522059118362e-001  6.8591767811381743e-001 -9.4539524101942618e-001
  0.0000000000000000e+000  4.9833333333333336e+001 -7.2547000827624064e-001  8.2985917241092721e-001 -8.1546824710753896e-001
  0.0000000000000000e+000  5.0000000000000000e+001 -8.6522814910968560e-001  9.5861213953407365e-001 -6.5977927879269771e-001
  0.0000000000000000e+000  5.0166666666666664e+001 -9.5545678498950481e-001  1.0411367096480753e+000 -4.9266885040656661e-001
  0.0000000000000000e+000  5.0333333333333336e+001 -1.0255691712576214e+000  1.0976556180821611e+000 -3.1339762661839643e-001
  0.0000000000000000e+000  5.0500000000000000e+001 -1.0636978224025597e+000  1.1286995066024268e+000 -1.1782734984296894e-001
  0.0000000000000000e+000  5.0833333333333336e+001 -1.0376406212872666e+000  1.0991502517037333e+000  2.5637856306462936e-001
  0.0000000000000000e+000  5.1000000000000000e+001 -9.8279372324732917e-001  1.0507315209931036e+000  4.4119948396217268e-001
  0.0000000000000000e+000  5.1166666666666664e+001 -8.9388147495241999e-001  1.0217655941517094e+000  6.1608566030450618e-001
  0.0000000000000000e+000  5.1333333333333336e+001 -7.5570392379053875e-001  9.1096388564063346e-001  7.9418504291021463e-001
  0.0000000000000000e+000  5.1500000000000000e+001 -6.1533954180539219e-001  7.4718598594597552e-001  9.3915191462559378e-001
  0.0000000000000000e+000  5.1666666666666664e+001 -4.3833655985795783e-001  5.2182466425087171e-001  1.0465922139944315e+000
  0.0000000000000000e+000  5.1833333333333336e+001 -2.4156570709532610e-001  2.8254622630375081e-001  1.1105499197039983e+000
  0.0000000000000000e+000  5.2000000000000000e+001 -4.2228402113002161e-002  3.8798064872523241e-002  1.1456013338159394e+000
  0.0000000000000000e+000  5.2166666666666664e+001  1.5586820139832236e-001 -2.0005644812664514e-001  1.1274091295698874e+000
  0.0000000000000000e+000  5.2333333333333336e+001  3.4396911972336119e-001 -4.3328965574372802e-001  1.0690701788302519e+000
  0.0000000000000000e+000  5.2500000000000000e+001  5.3315570550762992e-001 -6.2959541280586251e-001  9.7847683862679702e-001
  0.0000000000000000e+000  5.2666666666666664e+001  6.8572951090628620e-001 -7.9549853071836196e-001  8.5684518689841838e-001
  0.0000000000000000e+000  5.2833333333333336e+001  8.2537685052073828e-001 -9.3148881648066251e-001  7.0888528485381386e-001
  0.0000000000000000e+000  5.3000000000000000e+001  9.3576959140458282e-001 -1.0281687253633063e+000  5.3511869722065342e-001
  0.0000000000000000e+000  5.3166666666666664e+001  1.0062269331267966e+000 -1.0822227252631418e+000  3.6001300255068003e-001
  0.0000000000000000e+000  5.3333333333333336e+001  1.0498865459466808e+000 -1.0993363330997430e+000  1.7154913033332519e-001
  0.0000000000000000e+000  5.3500000000000000e+001  1.0691922726057761e+000 -1.1030928226295984e+000 -1.4270387278550345e-002
  0.0000000000000000e+000  5.3666666666666664e+001  1.0376406212872666e+000 -1.0749714708450853e+000 -1.9522814371210018e-001
  0.0000000000000000e+000  5.3833333333333336e+001  1.0062269331267966e+000 -1.0363717791754823e+000 -3.7578473932337175e-001
  0.0000000000000000e+000  5.4000000000000000e+001  9.1596425819707594e-001 -9.7387702177215374e-001 -5.4790203567874585e-001
  0.0000000000000000e+000  5.4166666666666664e+001  8.1569192331622331e-001 -8.7684497089085056e-001 -7.0035349316820117e-001
  0.0000000000000000e+000  5.4333333333333336e+001  6.6596923737910974e-001 -7.4317023476795896e-001 -8.4941218667765384e-001
  0.0000000000000000e+000  5.4500000000000000e+001  5.1391968099853380e-001 -5.7849613245994647e-001 -9.5851393295541243e-001
  0.0000000000000000e+000  5.4666666666666664e+001  3.4877100358390689e-001 -3.7475504860410069e-001 -1.0440058589091574e+000
  0.0000000000000000e+000  5.4833333333333336e+001  1.5586820139832236e-001 -1.6738386387356741e-001 -1.0838666693280326e+000
  0.0000000000000000e+000  5.5000000000000000e+001 -4.2228402113002161e-002  5.9164162453100744e-002 -1.0989578462232608e+000
  0.0000000000000000e+000  5.5166666666666664e+001 -2.4497866312686423e-001  2.7935480435900217e-001 -1.0740004267443126e+000
  0.0000000000000000e+000  5.5333333333333336e+001 -4.0674707172597113e-001  4.9465705546820971e-001 -1.0010882827386141e+000
  0.0000000000000000e+000  5.5500000000000000e+001 -5.7637522059118362e-001  6.7655815912115713e-001 -8.9662234106946670e-001
  0.0000000000000000e+000  5.5666666666666664e+001 -7.1620188477886559e-001  8.1677398359089892e-001 -7.6739248281035799e-001
  0.0000000000000000e+000  5.5833333333333336e+001 -8.5459444201603096e-001  9.3963294926504659e-001 -6.2841697508033434e-001
  0.0000000000000000e+000  5.6000000000000000e+001 -9.4405342558384975e-001  1.0420674520539421e+000 -4.5427491040101131e-001
  0.0000000000000000e+000  5.6166666666666664e+001 -1.0019484683735378e+000  1.1180438531971892e+000 -2.6968554696131264e-001
  0.0000000000000000e+000  5.6333333333333336e+001 -1.0327521189692721e+000  1.1359809290772773e+000 -7.0525076270854470e-002
  0.0000000000000000e+000  5.6500000000000000e+001 -1.0209431441183119e+000  1.1222261636227451e+000  1.1554749874531467e-001
  0.0000000000000000e+000  5.6666666666666664e+001 -9.9039813940102261e-001  1.0804357236614663e+000  3.0026489426296621e-001
  0.0000000000000000e+000  5.6833333333333336e+001 -9.2449410487951944e-001  1.0306064630200424e+000  4.8121764740675133e-001
  0.0000000000000000e+000  5.7000000000000000e+001 -8.3486273199903982e-001  9.4401221024013182e-001  6.4809826626335365e-001
  0.0000000000000000e+000  5.7166666666666664e+001 -6.9652398858434061e-001  8.0978180206494699e-001  8.0431963375441029e-001
  0.0000000000000000e+000  5.7333333333333336e+001 -5.4522715553727519e-001  6.3461226865005926e-001  9.2992938634742472e-001
  0.0000000000000000e+000  5.7500000000000000e+001 -3.7017082784221667e-001  4.2048278391321503e-001  1.0214097701769713e+000
  0.0000000000000000e+000  5.7666666666666664e+001 -1.8362232616928020e-001  1.9784382326093919e-001  1.0681651482148080e+000
  0.0000000000000000e+000  5.7833333333333336e+001  0.0000000000000000e+000 -2.1604792397809547e-002  1.0854026857094219e+000
  0.0000000000000000e+000  5.8000000000000000e+001  1.8362232616927998e-001 -2.2856891079359798e-001  1.0626121460242821e+000
  0.0000000000000000e+000  5.8166666666666664e+001  3.6208740769372838e-001 -4.3641710275714729e-001  1.0054392095883600e+000
  0.0000000000000000e+000  5.8333333333333336e+001  5.5258435029071395e-001 -6.3183800845782656e-001  9.1693101474935901e-001
  0.0000000000000000e+000  5.8500000000000000e+001  6.9473827619670314e-001 -8.0201428628546978e-001  7.9433477105270356e-001
  0.0000000000000000e+000  5.8666666666666664e+001  8.1569192331622331e-001 -9.3132362914617062e-001  6.4214869455323509e-001
  0.0000000000000000e+000  5.8833333333333336e+001  9.0724060041736543e-001 -1.0056505310672446e+000  4.6518638747599539e-001
  0.0000000000000000e+000  5.9000000000000000e+001  9.6704699339746014e-001 -1.0319038265826190e+000  2.9939387489516633e-001
  0.0000000000000000e+000  5.9166666666666664e+001  1.0106749426115036e+000 -1.0347117369712158e+000  1.2650354357457161e-001
  0.0000000000000000e+000  5.9333333333333336e+001  1.0229327952930609e+000 -1.0476948874250827e+000 -4.7663779538822837e-002
  0.0000000000000000e+000  5.9500000000000000e+001  9.9079355258721569e-001 -1.0350242627166892e+000 -2.2288600585206808e-001
  0.0000000000000000e+000  5.9666666666666664e+001  9.3882208497629349e-001 -9.9546649579995261e-001 -4.0137002689038326e-001
  0.0000000000000000e+000  5.9833333333333336e+001  8.5598775321632181e-001 -9.2096493816621461e-001 -5.6493411341629240e-001
  0.0000000000000000e+000  6.0000000000000000e+001  7.4541947627415828e-001 -8.0967171135323213e-001 -7.0779076844524269e-001
  0.0000000000000000e+000  6.0166666666666664e+001  6.1190243443466663e-001 -6.7919661702129730e-001 -8.3801483673045851e-001
  0.0000000000000000e+000  6.0333333333333336e+001  4.5106965598852344e-001 -5.2340717369550305e-001 -9.4233013682041644e-001
  0.0000000000000000e+000  6.0500000000000000e+001  2.8605144171731811e-001 -3.3334825211838393e-001 -1.0166794324819346e+000
  0.0000000000000000e+000  6.0666666666666664e+001  9.8273953256009072e-002 -1.2178459742645487e-001 -1.0574996751183514e+000
  0.0000000000000000e+000  6.0833333333333336e+001 -8.4306732526206796e-002  1.0215456730348649e-001 -1.0585531438985711e+000
  0.0000000000000000e+000  6.1000000000000000e+001 -2.7246314940379190e-001  3.2782436226968059e-001 -1.0254277572452608e+000
  0.0000000000000000e+000  6.1166666666666664e+001 -4.4501622475554159e-001  5.3721358698306432e-001 -9.4644228849246304e-001
  0.0000000000000000e+000  6.1333333333333336e+001 -6.0730522516625074e-001  7.2104355645922169e-001 -8.3909416422802252e-001
  0.0000000000000000e+000  6.1500000000000000e+001 -7.3593359479585718e-001  8.5644626449192529e-001 -6.9988374577719981e-001
  0.0000000000000000e+000  6.1666666666666664e+001 -8.4415398611317105e-001  9.5699332909567048e-001 -5.4469991357547798e-001
  0.0000000000000000e+000  6.1833333333333336e+001 -9.1340722207064529e-001  1.0178233261085925e+000 -3.7514731296177217e-001
  0.0000000000000000e+000  6.2000000000000000e+001 -9.7501177917183757e-001  1.0615088082791275e+000 -2.0236423068746490e-001
  0.0000000000000000e+000  6.2166666666666664e+001 -9.9039813940102261e-001  1.0844189022480730e+000 -2.1040982897176264e-002
  0.0000000000000000e+000  6.2333333333333336e+001 -9.8279372324732917e-001  1.0884532166671228e+000  1.6138276965696718e-001
  0.0000000000000000e+000  6.2500000000000000e+001 -9.4099299137447812e-001  1.0541578147007371e+000  3.5103607318043117e-001
  0.0000000000000000e+000  6.2666666666666664e+001 -8.5325498625375218e-001  9.7498465835213466e-001  5.2229973055214884e-001
  0.0000000000000000e+000  6.2833333333333336e+001 -7.5570392379053875e-001  8.4990169897852041e-001  6.8118194943058796e-001
  0.0000000000000000e+000  6.3000000000000000e+001 -6.1533954180539219e-001  7.0198315321755445e-001  8.1304741306799855e-001
  0.0000000000000000e+000  6.3166666666666664e+001 -4.7606933032276144e-001  5.2855115585849433e-001  9.1370073854067257e-001
  0.0000000000000000e+000  6.3333333333333336e+001 -2.9953198906992329e-001  3.4059209346771979e-001  9.9371165646044002e-001
  0.0000000000000000e+000  6.3500000000000000e+001 -1.2608809506459062e-001  1.3929295300337685e-001  1.0313941790350087e+000
  0.0000000000000000e+000  6.3666666666666664e+001  5.6278536288761893e-002 -8.0634184443354684e-002  1.0419674077779320e+000
  0.0000000000000000e+000  6.3833333333333336e+001  2.4497866312686400e-001 -2.9223815752476412e-001  1.0046898256893542e+000
  0.0000000000000000e+000  6.4000000000000000e+001  4.1241044159738727e-001 -4.9556206221246413e-001  9.3973943772582658e-001
  0.0000000000000000e+000  6.4166666666666671e+001  5.6456939366809999e-001 -6.6057606419995807e-001  8.3788154382246915e-001
  0.0000000000000000e+000  6.4333333333333329e+001  6.9473827619670314e-001 -8.0106401317585352e-001  7.0835706653921449e-001
  0.0000000000000000e+000  6.4500000000000000e+001  8.1569192331622331e-001 -9.0538398919257901e-001  5.6610162960421917e-001
  0.0000000000000000e+000  6.4666666666666671e+001  8.9605538457134382e-001 -9.8054881754357304e-001  4.0644320932265998e-001
  0.0000000000000000e+000  6.4833333333333329e+001  9.4723559463587115e-001 -1.0325024935249070e+000  2.3459667048581423e-001
  0.0000000000000000e+000  6.5000000000000000e+001  9.7882549010829567e-001 -1.0497030225127588e+000  5.2010747985804073e-002
  0.0000000000000000e+000  6.5166666666666671e+001  9.6704699339746014e-001 -1.0316532370721703e+000 -1.2123079748283772e-001
  0.0000000000000000e+000  6.5333333333333329e+001  9.2729521800161219e-001 -9.8459753159932006e-001 -2.9089565743875312e-001
  0.0000000000000000e+000  6.5500000000000000e+001  8.6685020770331922e-001 -9.2843004357456493e-001 -4.5613043570158140e-001
  0.0000000000000000e+000  6.5666666666666671e+001  7.7529749681212634e-001 -8.4786348710390769e-001 -6.0281635192779248e-001
  0.0000000000000000e+000  6.5833333333333329e+001  6.5483206859782050e-001 -7.3963036290291484e-001 -7.3918559299156072e-001
  0.0000000000000000e+000  6.6000000000000000e+001  5.2606641899676343e-001 -6.1035023209930728e-001 -8.5864516768981147e-001
  0.0000000000000000e+000  6.6166666666666671e+001  3.6208740769372838e-001 -4.3786462499657830e-001 -9.4868375874506228e-001
  0.0000000000000000e+000  6.6333333333333329e+001  1.8622284041114145e-001 -2.3071356826417855e-001 -1.0079539363695831e+000
  0.0000000000000000e+000  6.6500000000000000e+001  0.0000000000000000e+000 -6.5198039162766008e-003 -1.0343940968694163e+000
  0.0000000000000000e+000  6.6666666666666671e+001 -1.6977827396833867e-001  2.1893877544165719e-001 -1.0098280876436121e+000
  0.0000000000000000e+000  6.6833333333333329e+001 -3.4396911972336142e-001  4.2935381335115608e-001 -9.5169614201307695e-001
  0.0000000000000000e+000  6.7000000000000000e+001 -5.1391968099853402e-001  6.0335863138473655e-001 -8.6129353063306269e-001
  0.0000000000000000e+000  6.7166666666666671e+001 -6.4630222191537712e-001  7.5241752900141989e-001 -7.5084116438439708e-001
  0.0000000000000000e+000  6.7333333333333329e+001 -7.5570392379053875e-001  8.7333240208578644e-001 -6.0739564493724174e-001
  0.0000000000000000e+000  6.7500000000000000e+001 -8.6366930391872643e-001  9.7467849150336150e-001 -4.4587804072538972e-001
  0.0000000000000000e+000  6.7666666666666671e+001 -9.1340722207064529e-001  1.0335247818267668e+000 -2.8254927781736683e-001
  0.0000000000000000e+000  6.7833333333333329e+001 -9.6007036240568810e-001  1.0710981105138240e+000 -1.0374421007554702e-001
  0.0000000000000000e+000  6.8000000000000000e+001 -9.5215197587014977e-001  1.0853283026154266e+000  8.8350417712561580e-002
  0.0000000000000000e+000  6.8166666666666671e+001 -9.2449410487951944e-001  1.0515014019235380e+000  2.6323338274343655e-001
  0.0000000000000000e+000  6.8333333333333329e+001 -8.6366930391872643e-001  9.7550189766949558e-001  4.4339109441079927e-001
  0.0000000000000000e+000  6.8500000000000000e+001 -7.6579283254024366e-001  8.7860823660588494e-001  5.9662261612764667e-001
  0.0000000000000000e+000  6.8666666666666671e+001 -6.5483206859782062e-001  7.3932714812448808e-001  7.3747916392042612e-001
  0.0000000000000000e+000  6.8833333333333329e+001 -5.1391968099853402e-001  5.8606152117377519e-001  8.5132529041608862e-001
  0.0000000000000000e+000  6.9000000000000000e+001 -3.5713401052079363e-001  4.0088948837502869e-001  9.3333362968654399e-001
  0.0000000000000000e+000  6.9166666666666671e+001 -1.8362232616928020e-001  2.0180901893529324e-001  9.8933440049506172e-001
  0.0000000000000000e+000  6.9333333333333329e+001 -1.4083575822860350e-002 -3.4808091804450214e-003  1.0043023209791251e+000
  0.0000000000000000e+000  6.9500000000000000e+001  1.6977827396833844e-001 -2.1495066769708160e-001  9.8490245270418697e-001
  0.0000000000000000e+000  6.9666666666666671e+001  3.3067888857647887e-001 -4.0535033537068443e-001  9.3030300384425146e-001
  0.0000000000000000e+000  6.9833333333333329e+001  4.8911980551152867e-001 -5.7587194456057489e-001  8.4785330561474836e-001
  0.0000000000000000e+000  7.0000000000000000e+001  6.2356073215902541e-001 -7.1689885859998270e-001  7.3135941450707520e-001
  0.0000000000000000e+000  7.0166666666666671e+001  7.4541947627415828e-001 -8.3018441700858148e-001  6.0210943893015667e-001
  0.0000000000000000e+000  7.0333333333333329e+001  8.3586033741430410e-001 -9.0794806281313356e-001  4.5237270101326033e-001
  0.0000000000000000e+000  7.0500000000000000e+001  8.9605538457134382e-001 -9.6689898689169684e-001  2.9489898874915355e-001
  0.0000000000000000e+000  7.0666666666666671e+001  9.2729521800161219e-001 -9.9520932724954547e-001  1.2540911020867895e-001
  0.0000000000000000e+000  7.0833333333333329e+001  9.3576959140458282e-001 -1.0053402297581044e+000 -4.2931970711975964e-002
  0.0000000000000000e+000  7.1000000000000000e+001  9.2729521800161219e-001 -9.9324713822925048e-001 -2.0981244918293385e-001
  0.0000000000000000e+000  7.1166666666666671e+001  8.7605805059819331e-001 -9.6126965614904947e-001 -3.7502231285483845e-001
  0.0000000000000000e+000  7.1333333333333329e+001  7.8539816339744828e-001 -8.9273075885467534e-001 -5.3721902509755637e-001
  0.0000000000000000e+000  7.1500000000000000e+001  6.7474094222355263e-001 -7.8082692920507668e-001 -6.8658270275406608e-001
  0.0000000000000000e+000  7.1666666666666671e+001  5.5258435029071395e-001 -6.3154787386122280e-001 -8.0380462727224966e-001
  0.0000000000000000e+000  7.1833333333333329e+001  4.0674707172597091e-001 -4.6118147507563378e-001 -8.9253390304668656e-001
  0.0000000000000000e+000  7.2000000000000000e+001  2.4156570709532588e-001 -2.8425739687564544e-001 -9.5896272549237072e-001
  0.0000000000000000e+000  7.2166666666666671e+001  7.0306464118624401e-002 -8.8088089890277388e-002 -9.9645150313983422e-001
  0.0000000000000000e+000  7.2333333333333329e+001 -1.1379200714370818e-001  1.3195966259668523e-001 -9.9273072699802611e-001
  0.0000000000000000e+000  7.2500000000000000e+001 -2.8605144171731833e-001  3.5048435113593257e-001 -9.4931163620457681e-001
  0.0000000000000000e+000  7.2666666666666671e+001 -4.3833655985795783e-001  5.3833364473253908e-001 -8.7185166912278333e-001
  0.0000000000000000e+000  7.2833333333333329e+001 -5.7637522059118362e-001  6.9185712522284604e-001 -7.6096129664144740e-001
  0.0000000000000000e+000  7.3000000000000000e+001 -7.0712702287617013e-001  8.1731249651784310e-001 -6.3355254584459431e-001
  0.0000000000000000e+000  7.3166666666666671e+001 -8.0500349425465290e-001  9.1471058966987684e-001 -4.9053320063568151e-001
  0.0000000000000000e+000  7.3333333333333329e+001 -8.7427233821055639e-001  9.9524913943398197e-001 -3.2733489299275220e-001
  0.0000000000000000e+000  7.3500000000000000e+001 -9.1340722207064529e-001  1.0459245379373514e+000 -1.4808107082066613e-001
  0.0000000000000000e+000  7.3666666666666671e+001 -9.2449410487951944e-001  1.0545171038822367e+000  2.9150837419962272e-002
  0.0000000000000000e+000  7.3833333333333329e+001 -9.0482708941578682e-001  1.0262651530923144e+000  2.0552829714129928e-001
  0.0000000000000000e+000  7.4000000000000000e+001 -8.5459444201603096e-001  9.7583064138889597e-001  3.7608369685858634e-001
  0.0000000000000000e+000  7.4166666666666671e+001 -7.7549749680945990e-001  8.9328099247683923e-001  5.3641698123261961e-001
  0.0000000000000000e+000  7.4333333333333329e+001 -6.6596923737910974e-001  7.7622571666285012e-001  6.7954398593927579e-001
  0.0000000000000000e+000  7.4500000000000000e+001 -5.3315570550762992e-001  6.2608993683829794e-001  8.0119439078707444e-001
  0.0000000000000000e+000  7.4666666666666671e+001 -3.8831871817246610e-001  4.5081483686966806e-001  8.9398448536464770e-001
  0.0000000000000000e+000  7.4833333333333329e+001 -2.2785704871709989e-001  2.5638813953517570e-001  9.5278553895259543e-001
  0.0000000000000000e+000  7.5000000000000000e+001 -5.7080782406264685e-002  5.2470587211402631e-002  9.7950852502018293e-001
  0.0000000000000000e+000  7.5166666666666671e+001  1.2786991855999985e-001 -1.5575244671812527e-001  9.7313438114683848e-001
  0.0000000000000000e+000  7.5333333333333329e+001  2.8605144171731811e-001 -3.5661198802236527e-001  9.2871098604047830e-001
  0.0000000000000000e+000  7.5500000000000000e+001  4.3833655985795783e-001 -5.3627190912717992e-001  8.4886587294055715e-001
  0.0000000000000000e+000  7.5666666666666671e+001  5.8408105502280749e-001 -6.8251403209221451e-001  7.3818805960701894e-001
  0.0000000000000000e+000  7.5833333333333329e+001  6.9473827619670314e-001 -7.9195912819278647e-001  6.1857010976991944e-001
  0.0000000000000000e+000  7.6000000000000000e+001  7.9549882998277022e-001 -8.7467110315244057e-001  4.7527270678851607e-001
  0.0000000000000000e+000  7.6166666666666671e+001  8.6522814910968560e-001 -9.4329773535519923e-001  3.1685689413261287e-001
  0.0000000000000000e+000  7.6333333333333329e+001  8.9605538457134382e-001 -9.7245256331989038e-001  1.5821325973749367e-001
  0.0000000000000000e+000  7.6500000000000000e+001  9.1596425819707594e-001 -9.7818117090650425e-001 -1.1268559592991778e-002
  0.0000000000000000e+000  7.6666666666666671e+001  8.9605538457134382e-001 -9.6860514598217762e-001 -1.7461709349640842e-001
  0.0000000000000000e+000  7.6833333333333329e+001  8.5598775321632181e-001 -9.3091422726786988e-001 -3.3114286840448415e-001
  0.0000000000000000e+000  7.7000000000000000e+001  7.8539816339744828e-001 -8.7591478451508920e-001 -4.9090665672667910e-001
  0.0000000000000000e+000  7.7166666666666671e+001  6.8572951090628620e-001 -7.8886542156709538e-001 -6.3149233699143537e-001
  0.0000000000000000e+000  7.7333333333333329e+001  5.6456939366809999e-001 -6.5719889352111238e-001 -7.5807669392175114e-001
  0.0000000000000000e+000  7.7500000000000000e+001  4.2544963737004227e-001 -5.0170434183495161e-001 -8.5796868048918284e-001
  0.0000000000000000e+000  7.7666666666666671e+001  2.5877089196369751e-001 -3.1294901990688118e-001 -9.2777202430369243e-001
  0.0000000000000000e+000  7.7833333333333329e+001  9.9668652491161858e-002 -1.1151711126753128e-001 -9.6617049062394766e-001
  0.0000000000000000e+000  7.8000000000000000e+001 -7.0306464118624623e-002  9.6959143666907721e-002 -9.6798567916285094e-001
  0.0000000000000000e+000  7.8166666666666671e+001 -2.4156570709532610e-001  3.0456738402881456e-001 -9.2885537439109811e-001
  0.0000000000000000e+000  7.8333333333333329e+001 -4.0122879900484887e-001  4.9556980099286818e-001 -8.6512781062183564e-001
  0.0000000000000000e+000  7.8500000000000000e+001 -5.4522715553727519e-001  6.5925393974757185e-001 -7.6358550557304739e-001
  0.0000000000000000e+000  7.8666666666666671e+001 -6.6596923737910974e-001  7.9863308589690263e-001 -6.3519996744712159e-001
  0.0000000000000000e+000  7.8833333333333329e+001 -7.5570392379053875e-001  8.9008165148617735e-001 -4.8984794251980190e-001
  0.0000000000000000e+000  7.9000000000000000e+001 -8.3486273199903982e-001  9.5084447663653826e-001 -3.3307190210899762e-001
  0.0000000000000000e+000  7.9166666666666671e+001 -8.7427233821055639e-001  9.8922018351596774e-001 -1.6995533095946769e-001
  0.0000000000000000e+000  7.9333333333333329e+001 -8.9388147495241999e-001  1.0076617109726556e+000 -3.6843145592513338e-003
  0.0000000000000000e+000  7.9500000000000000e+001 -8.7427233821055639e-001  1.0010926755260741e+000  1.7235837933874620e-001
  0.0000000000000000e+000  7.9666666666666671e+001 -8.3486273199903982e-001  9.6327155044075141e-001  3.3819745468811391e-001
  0.0000000000000000e+000  7.9833333333333329e+001 -7.5570392379053875e-001  8.8244371176874381e-001  4.9752938413262626e-001
  0.0000000000000000e+000  8.0000000000000000e+001 -6.6596923737910974e-001  7.7816458873567740e-001  6.3760166022076703e-001
  0.0000000000000000e+000  8.0166666666666671e+001 -5.3315570550762992e-001  6.3649571251670523e-001  7.6198891224139231e-001
  0.0000000000000000e+000  8.0333333333333329e+001 -3.8831871817246610e-001  4.6740114937307453e-001  8.5522584704456506e-001
  0.0000000000000000e+000  8.0500000000000000e+001 -2.4497866312686423e-001  2.7318925917870729e-001  9.2445082634163134e-001
  0.0000000000000000e+000  8.0666666666666671e+001 -7.0306464118624623e-002  6.8014317553050319e-002  9.4722167393927315e-001
  0.0000000000000000e+000  8.0833333333333329e+001  9.9668652491161858e-002 -1.4331540412908339e-001  9.4155275873555766e-001
  0.0000000000000000e+000  8.1000000000000000e+001  2.5877089196369751e-001 -3.2862925487100370e-001  9.0561466088124831e-001
  0.0000000000000000e+000  8.1166666666666671e+001  4.1965086213510383e-001 -5.0100196379580808e-001  8.2499462109519328e-001
  0.0000000000000000e+000  8.1333333333333329e+001  5.4041950027058405e-001 -6.3788440468186991e-001  7.2639026846713506e-001
  0.0000000000000000e+000  8.1500000000000000e+001  6.5483206859782050e-001 -7.3100542328809581e-001  6.1138867759434845e-001
  0.0000000000000000e+000  8.1666666666666671e+001  7.5570392379053875e-001 -8.1676038532680195e-001  4.7692664402181606e-001
  0.0000000000000000e+000  8.1833333333333329e+001  8.2537685052073828e-001 -8.9115484628430508e-001  3.4100108542773455e-001
  0.0000000000000000e+000  8.2000000000000000e+001  8.7427233821055617e-001 -9.4805620425175263e-001  1.8236191720276906e-001
  0.0000000000000000e+000  8.2166666666666671e+001  8.9605538457134382e-001 -9.8900698781765861e-001  1.3596971461637963e-002
  0.0000000000000000e+000  8.2333333333333329e+001  8.7427233821055617e-001 -9.7657473485259061e-001 -1.5347407281903713e-001
  0.0000000000000000e+000  8.2500000000000000e+001  8.3486273199903960e-001 -9.2714623492106796e-001 -3.1834999028114908e-001
  0.0000000000000000e+000  8.2666666666666671e+001  7.6540082942429766e-001 -8.5090143856633915e-001 -4.7033096321197121e-001
  0.0000000000000000e+000  8.2833333333333329e+001  6.7691485184247679e-001 -7.4892618007027068e-001 -6.0123165684770896e-001
  0.0000000000000000e+000  8.3000000000000000e+001  5.5258435029071395e-001 -6.2809301887811841e-001 -7.2200271838438113e-001
  0.0000000000000000e+000  8.3166666666666671e+001  4.2544963737004227e-001 -4.9115845957885540e-001 -8.1824963042327070e-001
  0.0000000000000000e+000  8.3333333333333329e+001  2.7246314940379168e-001 -3.2260193661863923e-001 -8.8964092720893007e-001
  0.0000000000000000e+000  8.3500000000000000e+001  1.1379200714370796e-001 -1.3824420194731601e-001 -9.2620683910408097e-001
  0.0000000000000000e+000  8.3666666666666671e+001 -5.6278536288762115e-002  6.1523748474385798e-002 -9.3903407163569597e-001
  0.0000000000000000e+000  8.3833333333333329e+001 -2.1109333322274670e-001  2.6179859387305271e-001 -9.1030606611490583e-001
  0.0000000000000000e+000  8.4000000000000000e+001 -3.7017082784221667e-001  4.6526996252120512e-001 -8.4774399147064372e-001
  0.0000000000000000e+000  8.4166666666666671e+001 -5.1391968099853402e-001  6.4158293275097122e-001 -7.5010426577902933e-001
  0.0000000000000000e+000  8.4333333333333329e+001 -6.3796099926951033e-001  7.8816354769121943e-001 -6.3078608875086672e-001
  0.0000000000000000e+000  8.4500000000000000e+001 -7.3593359479585718e-001  8.9266236012196742e-001 -4.8157099602643427e-001
  0.0000000000000000e+000  8.4666666666666671e+001 -7.9529882998543711e-001  9.5487346607706769e-001 -3.2086259310636933e-001
  0.0000000000000000e+000  8.4833333333333329e+001 -8.3486273199903982e-001  9.6857470783165756e-001 -1.5579788363861269e-001
  0.0000000000000000e+000  8.5000000000000000e+001 -8.5459444201603096e-001  9.6168357865944110e-001  5.9948906711611016e-003
  0.0000000000000000e+000  8.5166666666666671e+001 -8.3486273199903982e-001  9.4078323688287568e-001  1.6159919894623442e-001
  0.0000000000000000e+000  8.5333333333333329e+001 -7.9529882998543711e-001  9.0914988852791367e-001  3.2071149863369897e-001
  0.0000000000000000e+000  8.5500000000000000e+001 -7.2547000827624064e-001  8.5383058332594430e-001  4.7420583026459440e-001
  0.0000000000000000e+000  8.5666666666666671e+001 -6.3502673539031385e-001  7.5565129136160181e-001  6.1002320249325948e-001
  0.0000000000000000e+000  8.5833333333333329e+001 -5.1391968099853402e-001  6.2023840305937483e-001  7.3170640199929693e-001
  0.0000000000000000e+000  8.6000000000000000e+001 -3.7527082285595759e-001  4.5697268359724319e-001  8.2463181663156604e-001
  0.0000000000000000e+000  8.6166666666666671e+001 -2.2785704871709989e-001  2.6736743501110993e-001  8.8766969015357011e-001
  0.0000000000000000e+000  8.6333333333333329e+001 -5.7080782406264685e-002  7.0266989811571534e-002  9.1355377941935778e-001
  0.0000000000000000e+000  8.6500000000000000e+001  9.9668652491161858e-002 -1.2216172735504927e-001  9.0913599414862389e-001
  0.0000000000000000e+000  8.6666666666666671e+001  2.4497866312686400e-001 -2.9569153406391990e-001  8.7375612109986633e-001
  0.0000000000000000e+000  8.6833333333333329e+001  3.9369822396002419e-001 -4.5812142927871946e-001  8.0284335181902122e-001
  0.0000000000000000e+000  8.7000000000000000e+001  5.3315570550762992e-001 -6.0596779093921782e-001  7.1685397788897376e-001
  0.0000000000000000e+000  8.7166666666666671e+001  6.5483206859782050e-001 -7.3400906191218951e-001  6.0738837844489524e-001
  0.0000000000000000e+000  8.7333333333333329e+001  7.4541947627415828e-001 -8.4833304426854639e-001  4.6737495248594030e-001
  0.0000000000000000e+000  8.7500000000000000e+001  8.0539549737059879e-001 -9.2065313338059251e-001  3.1168639392404884e-001
  0.0000000000000000e+000  8.7666666666666671e+001  8.4532631851865614e-001 -9.4438057576400380e-001  1.5128455841264099e-001
  0.0000000000000000e+000  8.7833333333333329e+001  8.6522814910968560e-001 -9.4331013608531755e-001 -4.9710341097579658e-003
  0.0000000000000000e+000  8.8000000000000000e+001  8.4532631851865614e-001 -9.2571507537508779e-001 -1.6054240089923155e-001
  0.0000000000000000e+000  8.8166666666666671e+001  8.0539549737059879e-001 -8.9258774984073597e-001 -3.1814310135233370e-001
  0.0000000000000000e+000  8.8333333333333329e+001  7.3593359479585685e-001 -8.2741467900711996e-001 -4.6856921392647877e-001
  0.0000000000000000e+000  8.8500000000000000e+001  6.4630222191537690e-001 -7.2356821715645481e-001 -5.9736243510261033e-001
  0.0000000000000000e+000  8.8666666666666671e+001  5.2606641899676343e-001 -5.9092629948069941e-001 -7.1263889939987735e-001
  0.0000000000000000e+000  8.8833333333333329e+001  3.9369822396002419e-001 -4.4216501939254726e-001 -8.0114577646036977e-001
  0.0000000000000000e+000  8.9000000000000000e+001  2.4497866312686400e-001 -2.7088365709592210e-001 -8.6226214469630769e-001
  0.0000000000000000e+000  8.9166666666666671e+001  9.9668652491161858e-002 -9.6096731800017210e-002 -8.9099410737122842e-001
  0.0000000000000000e+000  8.9333333333333329e+001 -7.0306464118624623e-002  8.5851607923217443e-002 -8.9344898841736153e-001
  0.0000000000000000e+000  8.9500000000000000e+001 -2.1406068356382169e-001  2.6522990923190548e-001 -8.6514544894657774e-001
  0.0000000000000000e+000  8.9666666666666671e+001 -3.5713401052079363e-001  4.4490101814096761e-001 -8.0726793580480916e-001
  0.0000000000000000e+000  8.9833333333333329e+001 -5.0709850439233684e-001  6.1564664662246571e-001 -7.0979401868802938e-001
  0.0000000000000000e+000  9.0000000000000000e+001 -6.1533954180539219e-001  7.5979363221544816e-001 -5.9866320876975010e-001
  0.0000000000000000e+000  9.0166666666666671e+001 -7.1620188477886559e-001  8.6212348903464076e-001 -4.5734201288182419e-001
  0.0000000000000000e+000  9.0333333333333329e+001 -7.6540082942429777e-001  9.3032567885616990e-001 -2.9438769344486104e-001
  0.0000000000000000e+000  9.0500000000000000e+001 -8.0539549737059879e-001  9.4455245469369764e-001 -1.3877391071552836e-001
  0.0000000000000000e+000  9.0666666666666671e+001 -8.1569192331622364e-001  9.2716792220607758e-001  2.2885606772803158e-002
  0.0000000000000000e+000  9.0833333333333329e+001 -8.0539549737059879e-001  9.0908921159946843e-001  1.6955761920355883e-001
  0.0000000000000000e+000  9.1000000000000000e+001 -7.5570392379053875e-001  8.6858957622737165e-001  3.2405535004399155e-001
  0.0000000000000000e+000  9.1166666666666671e+001 -6.8572951090628642e-001  8.1494556727522394e-001  4.6920383484965100e-001
  0.0000000000000000e+000  9.1333333333333329e+001 -5.9578454762305899e-001  7.1761677755186781e-001  6.0249766228285040e-001
  0.0000000000000000e+000  9.1500000000000000e+001 -4.8251329502247708e-001  5.9252378908557546e-001  7.1107784584405920e-001
  0.0000000000000000e+000  9.1666666666666671e+001 -3.4877100358390711e-001  4.3877342780538697e-001  8.0231645349173775e-001
  0.0000000000000000e+000  9.1833333333333329e+001 -1.9739555984988089e-001  2.6342159733489723e-001  8.6602732936073146e-001
  0.0000000000000000e+000  9.2000000000000000e+001 -4.2228402113002161e-002  6.3159348777745095e-002  8.9421826558477413e-001
  0.0000000000000000e+000  9.2166666666666671e+001  1.1379200714370796e-001 -1.3908506070623616e-001  8.8612884025371130e-001
  0.0000000000000000e+000  9.2333333333333329e+001  2.7246314940379168e-001 -3.2638740141689482e-001  8.4315477950131168e-001
  0.0000000000000000e+000  9.2500000000000000e+001  4.0674707172597091e-001 -4.8776955834904356e-001  7.7363619738540734e-001
  0.0000000000000000e+000  9.2666666666666671e+001  5.3315570550762992e-001 -6.2227131351047404e-001  6.7748824326312729e-001
  0.0000000000000000e+000  9.2833333333333329e+001  6.4630222191537690e-001 -7.3568455251700016e-001  5.5864199129401015e-001
  0.0000000000000000e+000  9.3000000000000000e+001  7.2664234068172551e-001 -8.2126714668037337e-001  4.3030358687239811e-001
  0.0000000000000000e+000  9.3166666666666671e+001  7.9529882998543688e-001 -8.8438498753130901e-001  2.8381115613254337e-001
  0.0000000000000000e+000  9.3333333333333329e+001  8.2537685052073828e-001 -9.2759967616005623e-001  1.2724027317229059e-001
  0.0000000000000000e+000  9.3500000000000000e+001  8.3486273199903960e-001 -9.3556785611294302e-001 -2.8336761594090376e-002
  0.0000000000000000e+000  9.3666666666666671e+001  8.1509240300435781e-001 -9.1488203534213142e-001 -1.8984661762111443e-001
  0.0000000000000000e+000  9.3833333333333329e+001  7.7549749680945967e-001 -8.7054195730584638e-001 -3.3938443667062757e-001
  0.0000000000000000e+000  9.4000000000000000e+001  6.9652398858434039e-001 -7.8832226522855819e-001 -4.8213907298453762e-001
  0.0000000000000000e+000  9.4166666666666671e+001  6.0374933339743631e-001 -6.8361346655338195e-001 -6.0898121368281721e-001
  0.0000000000000000e+000  9.4333333333333329e+001  4.8251329502247686e-001 -5.4680679478310878e-001 -7.1695041111040325e-001
  0.0000000000000000e+000  9.4500000000000000e+001  3.4877100358390689e-001 -3.9043841121215905e-001 -7.9273370543480226e-001
  0.0000000000000000e+000  9.4666666666666671e+001  2.1406068356382146e-001 -2.2354179754796633e-001 -8.4731879306529656e-001
  0.0000000000000000e+000  9.4833333333333329e+001  5.7080782406264463e-002 -5.3067443339898546e-002 -8.6933577083046920e-001
  0.0000000000000000e+000  9.5000000000000000e+001 -9.8273953256009294e-002  1.3110975599424535e-001 -8.6477984355438053e-001
  0.0000000000000000e+000  9.5166666666666671e+001 -2.4156570709532610e-001  3.1030869805449868e-001 -8.3096917612706278e-001
  0.0000000000000000e+000  9.5333333333333329e+001 -3.8831871817246610e-001  4.8631719792538775e-001 -7.5743098513192564e-001
  0.0000000000000000e+000  9.5500000000000000e+001 -5.1391968099853402e-001  6.4059903429275522e-001 -6.6075718848219367e-001
  0.0000000000000000e+000  9.5666666666666671e+001 -6.1533954180539219e-001  7.5377650508649197e-001 -5.4397982752331586e-001
  0.0000000000000000e+000  9.5833333333333329e+001 -6.9473827619670336e-001  8.3817020287191824e-001 -4.0131213658052900e-001
  0.0000000000000000e+000  9.6000000000000000e+001 -7.5570392379053875e-001  8.9083079416891664e-001 -2.5385041712421241e-001
  0.0000000000000000e+000  9.6166666666666671e+001 -7.8539816339744828e-001  9.0714494603058782e-001 -1.0440814049779590e-001
  0.0000000000000000e+000  9.6333333333333329e+001 -7.9529882998543711e-001  9.0844172290852754e-001  4.9321604901436444e-002
  0.0000000000000000e+000  9.6500000000000000e+001 -7.5570392379053875e-001  8.8407403185875921e-001  2.0539932428842178e-001
  0.0000000000000000e+000  9.6666666666666671e+001 -7.1620188477886559e-001  8.3239076702761849e-001  3.5133243855028695e-001
  0.0000000000000000e+000  9.6833333333333329e+001 -6.5483206859782062e-001  7.5669202872020946e-001  4.8594082097103808e-001
  0.0000000000000000e+000  9.7000000000000000e+001 -5.5258435029071418e-001  6.5984725206577366e-001  6.0021892941864508e-001
  0.0000000000000000e+000  9.7166666666666671e+001 -4.2544963737004249e-001  5.3357994173099144e-001  7.1242704054279926e-001
  0.0000000000000000e+000  9.7333333333333329e+001 -2.9953198906992329e-001  3.8313837059162381e-001  7.9507931415752964e-001
  0.0000000000000000e+000  9.7500000000000000e+001 -1.6977827396833867e-001  1.9939235165594482e-001  8.3762295325288105e-001
  0.0000000000000000e+000  9.7666666666666671e+001  0.0000000000000000e+000  1.3990294320166186e-002  8.5270187231585304e-001
  0.0000000000000000e+000  9.7833333333333329e+001  1.4189705460416380e-001 -1.6026507172375659e-001  8.4842508890082513e-001
  0.0000000000000000e+000  9.8000000000000000e+001  2.8605144171731811e-001 -3.3724963238401529e-001  8.0842986215835566e-001
  0.0000000000000000e+000  9.8166666666666671e+001  4.2544963737004227e-001 -5.1012094190730295e-001  7.2280623290720314e-001
  0.0000000000000000e+000  9.8333333333333329e+001  5.4041950027058405e-001 -6.4305759366236970e-001  6.3010367597557604e-001
  0.0000000000000000e+000  9.8500000000000000e+001  6.4630222191537690e-001 -7.3306532185559803e-001  5.1125597446311133e-001
  0.0000000000000000e+000  9.8666666666666671e+001  7.1620188477886559e-001 -8.1215725013465345e-001  3.7581712638603904e-001
  0.0000000000000000e+000  9.8833333333333329e+001  7.6579283254024355e-001 -8.5463650968387483e-001  2.3649195975747261e-001
  0.0000000000000000e+000  9.9000000000000000e+001  7.9529882998543688e-001 -8.7697913767707891e-001  8.7466252435106639e-002
  0.0000000000000000e+000  9.9166666666666671e+001  8.0500349425465290e-001 -8.8932840265680824e-001 -5.7495888174656784e-002
  0.0000000000000000e+000  9.9333333333333329e+001  7.7549749680945967e-001 -8.7647014761157038e-001 -2.0769618834874848e-001
  0.0000000000000000e+000  9.9500000000000000e+001  7.3593359479585685e-001 -8.4246888360568306e-001 -3.5828936245557941e-001
