% x1 x2 v1 v2
  0.0000000000000000e+000  3.3000000000000002e-002  0.0000000000000000e+000 -1.4300000000000000e+002 -1.4091579646402036e+002  4.0365967557297175e+001
  0.0000000000000000e+000  6.7000000000000004e-002 -1.0000000000000000e+000 -1.4300000000000000e+002 -1.1953958290554564e+002  4.7567331130278447e+001
  0.0000000000000000e+000  1.0000000000000001e-001 -4.0000000000000000e+000 -1.4100000000000000e+002 -9.8792081510555462e+001  5.4556889892289689e+001
  0.0000000000000000e+000  1.3400000000000001e-001 -7.0000000000000000e+000 -1.3900000000000000e+002 -7.7415867952080745e+001  6.1758253465270968e+001
  0.0000000000000000e+000  1.6700000000000001e-001 -1.1000000000000000e+001 -1.3700000000000000e+002 -5.5146330792146841e+001  6.7956333791456203e+001
  0.0000000000000000e+000  2.0000000000000001e-001 -1.3000000000000000e+001 -1.3400000000000000e+002 -3.8410518417314591e+001  7.6079909585780882e+001
  0.0000000000000000e+000  2.3400000000000001e-001 -1.5000000000000000e+001 -1.3100000000000000e+002 -8.0129305015506134e+000  7.8216185734636326e+001
  0.0000000000000000e+000  2.6700000000000002e-001 -1.5000000000000000e+001 -1.2800000000000000e+002  2.7831211495173363e+001  7.9039366967071189e+001
  0.0000000000000000e+000  2.9999999999999999e-001 -1.3000000000000000e+001 -1.2500000000000000e+002  6.8870384342781392e+001  7.7686605901322167e+001
  0.0000000000000000e+000  3.3400000000000002e-001 -1.0000000000000000e+001 -1.2300000000000000e+002  1.0884728756240887e+002  7.4262622781647536e+001
  0.0000000000000000e+000  3.6699999999999999e-001 -5.0000000000000000e+000 -1.2100000000000000e+002  1.4583521420280962e+002  7.2378301118374765e+001
  0.0000000000000000e+000  4.0100000000000002e-001  1.0000000000000000e+000 -1.1800000000000000e+002  1.7484278926935212e+002  7.2833751724664836e+001
  0.0000000000000000e+000  4.3400000000000000e-001  8.0000000000000000e+000 -1.1700000000000000e+002  1.9367712692999052e+002  7.6924114216606256e+001
  0.0000000000000000e+000  4.6700000000000003e-001  1.6000000000000000e+001 -1.1400000000000000e+002  2.0312880714771734e+002  8.5961051743762624e+001
  0.0000000000000000e+000  5.0100000000000000e-001  2.4000000000000000e+001 -1.1200000000000000e+002  1.9954928577285830e+002  9.7949490005394750e+001
  0.0000000000000000e+000  5.3400000000000003e-001  3.2000000000000000e+001 -1.0800000000000000e+002  1.8691202670719292e+002  1.1168108197666004e+002
  0.0000000000000000e+000  5.6699999999999995e-001  3.8000000000000000e+001 -1.0400000000000000e+002  1.6488959118822311e+002  1.3011778883258876e+002
  0.0000000000000000e+000  6.0099999999999998e-001  4.3000000000000000e+001 -1.0000000000000000e+002  1.3666091373064535e+002  1.4655329883236800e+002
  0.0000000000000000e+000  6.3400000000000001e-001  4.7000000000000000e+001 -9.4000000000000000e+001  1.0909525460841667e+002  1.6343268119943110e+002
  0.0000000000000000e+000  6.6800000000000004e-001  4.9000000000000000e+001 -8.8000000000000000e+001  8.4478693784608765e+001  1.7557752134687189e+002
  0.0000000000000000e+000  7.0099999999999996e-001  5.1000000000000000e+001 -8.2000000000000000e+001  6.9728919449330235e+001  1.8585748543243739e+002
  0.0000000000000000e+000  7.3399999999999999e-001  5.2000000000000000e+001 -7.5000000000000000e+001  6.3389363689189366e+001  1.9228417253308635e+002
  0.0000000000000000e+000  7.6800000000000002e-001  5.3000000000000000e+001 -6.8000000000000000e+001  6.7780878248595968e+001  1.9136142018857157e+002
  0.0000000000000000e+000  8.0100000000000005e-001  5.5000000000000000e+001 -6.1000000000000000e+001  8.2483944360926898e+001  1.8774465798057957e+002
  0.0000000000000000e+000  8.3399999999999996e-001  5.7000000000000000e+001 -5.5000000000000000e+001  1.0390746349133053e+002  1.7977987439086962e+002
  0.0000000000000000e+000  8.6799999999999999e-001  6.1000000000000000e+001 -4.9000000000000000e+001  1.3248605068693530e+002  1.6705059686377405e+002
  0.0000000000000000e+000  9.0100000000000002e-001  6.6000000000000000e+001 -4.3000000000000000e+001  1.6155229944203256e+002  1.5357135505253967e+002
  0.0000000000000000e+000  9.3500000000000005e-001  7.2000000000000000e+001 -3.9000000000000000e+001  1.8836313804447309e+002  1.3907359131570985e+002
  0.0000000000000000e+000  9.6799999999999997e-001  8.0000000000000000e+001 -3.4000000000000000e+001  2.0967914930083802e+002  1.2704498718762858e+002
  0.0000000000000000e+000  1.0009999999999999e+000  8.8000000000000000e+001 -3.1000000000000000e+001  2.2104132500362908e+002  1.1622692857375978e+002
  0.0000000000000000e+000  1.0349999999999999e+000  9.7000000000000000e+001 -2.7000000000000000e+001  2.2144387398172796e+002  1.0811021435392752e+002
  0.0000000000000000e+000  1.0680000000000001e+000  1.0500000000000000e+002 -2.4000000000000000e+001  2.1102119599085029e+002  1.0546312651263135e+002
  0.0000000000000000e+000  1.1010000000000000e+000  1.1300000000000000e+002 -2.1000000000000000e+001  1.8816653282086304e+002  1.0377193808464591e+002
  0.0000000000000000e+000  1.1350000000000000e+000  1.1900000000000000e+002 -1.8000000000000000e+001  1.5715159847943573e+002  1.0742687162986391e+002
  0.0000000000000000e+000  1.1679999999999999e+000  1.2400000000000000e+002 -1.4000000000000000e+001  1.2137619177678243e+002  1.1071588215645016e+002
  0.0000000000000000e+000  1.2020000000000000e+000  1.2700000000000000e+002 -1.0000000000000000e+001  8.3717288748955525e+001  1.1601164561535253e+002
  0.0000000000000000e+000  1.2350000000000001e+000  1.2900000000000000e+002 -6.0000000000000000e+000  4.8613399125738511e+001  1.1979072108486261e+002
  0.0000000000000000e+000  1.2680000000000000e+000  1.2900000000000000e+002 -2.0000000000000000e+000  2.0150579320614497e+001  1.2064813196846222e+002
  0.0000000000000000e+000  1.3020000000000000e+000  1.2900000000000000e+002  3.0000000000000000e+000 -1.9808557654345123e+000  1.1564160107312381e+002
  0.0000000000000000e+000  1.3350000000000000e+000  1.2700000000000000e+002  7.0000000000000000e+000 -1.3893963182913751e+001  1.0736347036488212e+002
  0.0000000000000000e+000  1.3680000000000001e+000  1.2600000000000000e+002  1.1000000000000000e+001 -1.6694707385673610e+001  9.4358027190095186e+001
  0.0000000000000000e+000  1.4019999999999999e+000  1.2500000000000000e+002  1.4000000000000000e+001 -9.2376843014842507e+000  7.5969540092646525e+001
  0.0000000000000000e+000  1.4350000000000001e+000  1.2400000000000000e+002  1.7000000000000000e+001  3.6645645608793984e+000  5.3863041259375450e+001
  0.0000000000000000e+000  1.4690000000000001e+000  1.2400000000000000e+002  1.8000000000000000e+001  2.3557826141525766e+001  3.0341179514143732e+001
  0.0000000000000000e+000  1.5020000000000000e+000  1.2500000000000000e+002  1.8000000000000000e+001  4.1207514402520928e+001  6.8527501057072868e+000
  0.0000000000000000e+000  1.5349999999999999e+000  1.2800000000000000e+002  1.8000000000000000e+001  5.7145768077899277e+001 -1.4730039461733895e+001
  0.0000000000000000e+000  1.5690000000000000e+000  1.3100000000000000e+002  1.7000000000000000e+001  6.7671818344402993e+001 -3.4613562465650602e+001
  0.0000000000000000e+000  1.6020000000000001e+000  1.3400000000000000e+002  1.5000000000000000e+001  6.8515058041779071e+001 -4.8169735994524160e+001
  0.0000000000000000e+000  1.6359999999999999e+000  1.3800000000000000e+002  1.3000000000000000e+001  5.7197291379517310e+001 -5.8489367456393808e+001
  0.0000000000000000e+000  1.6690000000000000e+000  1.4000000000000000e+002  1.0000000000000000e+001  3.4923613837243238e+001 -6.5994764718259958e+001
  0.0000000000000000e+000  1.7020000000000000e+000  1.4100000000000000e+002  8.0000000000000000e+000  5.8036301969186752e+000 -6.9092466388705844e+001
  0.0000000000000000e+000  1.7360000000000000e+000  1.4100000000000000e+002  5.0000000000000000e+000 -3.1129169435670519e+001 -6.8625553746649132e+001
  0.0000000000000000e+000  1.7689999999999999e+000  1.4000000000000000e+002  3.0000000000000000e+000 -7.0912825471902579e+001 -6.7082363777954555e+001
  0.0000000000000000e+000  1.8020000000000000e+000  1.3600000000000000e+002  1.0000000000000000e+000 -1.0758923483512467e+002 -6.4444255488741732e+001
  0.0000000000000000e+000  1.8360000000000001e+000  1.3200000000000000e+002 -1.0000000000000000e+000 -1.4160720476063852e+002 -6.4921014534717926e+001
  0.0000000000000000e+000  1.8690000000000000e+000  1.2500000000000000e+002 -3.0000000000000000e+000 -1.6855361538228362e+002 -6.6528958942660950e+001
  0.0000000000000000e+000  1.9030000000000000e+000  1.1800000000000000e+002 -5.0000000000000000e+000 -1.8539741129835718e+002 -7.3397762591899209e+001
  0.0000000000000000e+000  1.9359999999999999e+000  1.1100000000000000e+002 -7.0000000000000000e+000 -1.8899891818919559e+002 -8.2968094892686167e+001
  0.0000000000000000e+000  1.9690000000000001e+000  1.0300000000000000e+002 -9.0000000000000000e+000 -1.8392978261164330e+002 -9.5775767407748390e+001
  0.0000000000000000e+000  2.0030000000000001e+000  9.7000000000000000e+001 -1.3000000000000000e+001 -1.6526131732213753e+002 -1.1227209634221072e+002
  0.0000000000000000e+000  2.0360000000000000e+000  9.1000000000000000e+001 -1.7000000000000000e+001 -1.4306952575442210e+002 -1.3024769137323813e+002
  0.0000000000000000e+000  2.0690000000000000e+000  8.7000000000000000e+001 -2.2000000000000000e+001 -1.1731898362613492e+002 -1.4853329830108601e+002
  0.0000000000000000e+000  2.1030000000000002e+000  8.4000000000000000e+001 -2.7000000000000000e+001 -9.1060891375127767e+001 -1.6517340695346360e+002
  0.0000000000000000e+000  2.1360000000000001e+000  8.2000000000000000e+001 -3.3000000000000000e+001 -7.3022008612347918e+001 -1.7642052220849803e+002
  0.0000000000000000e+000  2.1699999999999999e+000  8.1000000000000000e+001 -4.0000000000000000e+001 -6.1539357048374825e+001 -1.8509741376208086e+002
  0.0000000000000000e+000  2.2029999999999998e+000  8.0000000000000000e+001 -4.7000000000000000e+001 -6.1533486826087028e+001 -1.8911327170721628e+002
  0.0000000000000000e+000  2.2360000000000002e+000  7.9000000000000000e+001 -5.3000000000000000e+001 -7.0996297324587204e+001 -1.8923665685901187e+002
  0.0000000000000000e+000  2.2700000000000000e+000  7.7000000000000000e+001 -6.0000000000000000e+001 -9.0839710828096713e+001 -1.8253812471748222e+002
  0.0000000000000000e+000  2.3029999999999999e+000  7.4000000000000000e+001 -6.6000000000000000e+001 -1.1698692672592824e+002 -1.7201754960976382e+002
  0.0000000000000000e+000  2.3359999999999999e+000  6.9000000000000000e+001 -7.2000000000000000e+001 -1.4633593045793123e+002 -1.5982987907514416e+002
  0.0000000000000000e+000  2.3700000000000001e+000  6.4000000000000000e+001 -7.7000000000000000e+001 -1.7637359737089764e+002 -1.4735923157431569e+002
  0.0000000000000000e+000  2.4030000000000000e+000  5.7000000000000000e+001 -8.2000000000000000e+001 -2.0137438390976763e+002 -1.3380374666525245e+002
  0.0000000000000000e+000  2.4369999999999998e+000  4.9000000000000000e+001 -8.5000000000000000e+001 -2.1910883838332043e+002 -1.2235037609354998e+002
  0.0000000000000000e+000  2.4700000000000002e+000  4.0000000000000000e+001 -8.9000000000000000e+001 -2.2662474932949976e+002 -1.1350567749795306e+002
  0.0000000000000000e+000  2.5030000000000001e+000  3.2000000000000000e+001 -9.2000000000000000e+001 -2.2561802155297573e+002 -1.0898481778030775e+002
  0.0000000000000000e+000  2.5369999999999999e+000  2.3000000000000000e+001 -9.6000000000000000e+001 -2.0988701191634891e+002 -1.0774921757094597e+002
  0.0000000000000000e+000  2.5699999999999998e+000  1.6000000000000000e+001 -9.9000000000000000e+001 -1.8537401629420401e+002 -1.1129734976448552e+002
  0.0000000000000000e+000  2.6030000000000002e+000  9.0000000000000000e+000 -1.0300000000000000e+002 -1.5268950738037802e+002 -1.1386094321982301e+002
  0.0000000000000000e+000  2.6370000000000000e+000  5.0000000000000000e+000 -1.0600000000000000e+002 -1.1635139892484585e+002 -1.1835158270784082e+002
  0.0000000000000000e+000  2.6699999999999999e+000  2.0000000000000000e+000 -1.1100000000000000e+002 -7.8824491389619652e+001 -1.2132095495333904e+002
  0.0000000000000000e+000  2.7040000000000002e+000  1.0000000000000000e+000 -1.1500000000000000e+002 -4.5237227001375231e+001 -1.2428242415828149e+002
  0.0000000000000000e+000  2.7370000000000001e+000  1.0000000000000000e+000 -1.2000000000000000e+002 -1.7871349051446828e+001 -1.2309347143146442e+002
  0.0000000000000000e+000  2.7700000000000000e+000  1.0000000000000000e+000 -1.2400000000000000e+002 -1.7607220224366529e+000 -1.1950393733450983e+002
  0.0000000000000000e+000  2.8039999999999998e+000  2.0000000000000000e+000 -1.2800000000000000e+002  5.6975664301700135e+000 -1.0814347226505151e+002
  0.0000000000000000e+000  2.8370000000000002e+000  3.0000000000000000e+000 -1.3200000000000000e+002  3.2208816879547157e+000 -9.5381269762114243e+001
  0.0000000000000000e+000  2.8700000000000001e+000  4.0000000000000000e+000 -1.3600000000000000e+002 -6.2669412622326490e+000 -7.7546557857955804e+001
  0.0000000000000000e+000  2.9039999999999999e+000  4.0000000000000000e+000 -1.3800000000000000e+002 -2.1256176062290933e+001 -5.8041330728956837e+001
  0.0000000000000000e+000  2.9369999999999998e+000  3.0000000000000000e+000 -1.3900000000000000e+002 -4.0221660532490205e+001 -3.6745125343627933e+001
  0.0000000000000000e+000  2.9710000000000001e+000  1.0000000000000000e+000 -1.4000000000000000e+002 -5.9423262263167203e+001 -1.3755765439680545e+001
  0.0000000000000000e+000  3.0040000000000000e+000 -2.0000000000000000e+000 -1.4000000000000000e+002 -7.4366025257414364e+001  7.1245103854510035e+000
  0.0000000000000000e+000  3.0369999999999999e+000 -6.0000000000000000e+000 -1.3900000000000000e+002 -8.1823860755047576e+001  2.2889454243482305e+001
  0.0000000000000000e+000  3.0710000000000002e+000 -9.0000000000000000e+000 -1.3800000000000000e+002 -7.8947451434702316e+001  3.5993763941217821e+001
  0.0000000000000000e+000  3.1040000000000001e+000 -1.3000000000000000e+001 -1.3600000000000000e+002 -6.5978942542143614e+001  4.6498405881695675e+001
  0.0000000000000000e+000  3.1379999999999999e+000 -1.6000000000000000e+001 -1.3400000000000000e+002 -4.0754268769271221e+001  5.2596161748796384e+001
  0.0000000000000000e+000  3.1709999999999998e+000 -1.7000000000000000e+001 -1.3200000000000000e+002 -8.1752984527111039e+000  5.5007924324190299e+001
  0.0000000000000000e+000  3.2040000000000002e+000 -1.7000000000000000e+001 -1.2900000000000000e+002  2.8591107811557322e+001  5.5618119579061840e+001
  0.0000000000000000e+000  3.2380000000000000e+000 -1.6000000000000000e+001 -1.2800000000000000e+002  7.1233061316072963e+001  5.3810411499339857e+001
  0.0000000000000000e+000  3.2709999999999999e+000 -1.2000000000000000e+001 -1.2700000000000000e+002  1.0945575365383547e+002  5.2874598890523487e+001
  0.0000000000000000e+000  3.3039999999999998e+000 -7.0000000000000000e+000 -1.2500000000000000e+002  1.4142422999499308e+002  5.3388417335187569e+001
  0.0000000000000000e+000  3.3380000000000001e+000  0.0000000000000000e+000 -1.2300000000000000e+002  1.6677998414089245e+002  5.6497235348500453e+001
  0.0000000000000000e+000  3.3710000000000000e+000  6.0000000000000000e+000 -1.2200000000000000e+002  1.8176743727495347e+002  6.5874684986054945e+001
  0.0000000000000000e+000  3.4049999999999998e+000  1.4000000000000000e+001 -1.2000000000000000e+002  1.8225120478560075e+002  7.7249832086488141e+001
  0.0000000000000000e+000  3.4380000000000002e+000  2.0000000000000000e+001 -1.1700000000000000e+002  1.7347249060476088e+002  8.9258645916287605e+001
  0.0000000000000000e+000  3.4710000000000001e+000  2.6000000000000000e+001 -1.1400000000000000e+002  1.5617456946483662e+002  1.0469879890470634e+002
  0.0000000000000000e+000  3.5049999999999999e+000  3.2000000000000000e+001 -1.1000000000000000e+002  1.3428670225151791e+002  1.2334619573919576e+002
  0.0000000000000000e+000  3.5379999999999998e+000  3.6000000000000000e+001 -1.0600000000000000e+002  1.0905132142319326e+002  1.3966482239688366e+002
  0.0000000000000000e+000  3.5710000000000002e+000  3.9000000000000000e+001 -1.0100000000000000e+002  8.7929716979120712e+001  1.5420988599174962e+002
  0.0000000000000000e+000  3.6050000000000000e+000  4.0000000000000000e+001 -9.5000000000000000e+001  6.9689104701668271e+001  1.6768138367428401e+002
  0.0000000000000000e+000  3.6379999999999999e+000  4.1000000000000000e+001 -8.9000000000000000e+001  5.8585509100699369e+001  1.7736458905977446e+002
  0.0000000000000000e+000  3.6720000000000002e+000  4.2000000000000000e+001 -8.2000000000000000e+001  5.9929189550488445e+001  1.8323302865905902e+002
  0.0000000000000000e+000  3.7050000000000001e+000  4.3000000000000000e+001 -7.6000000000000000e+001  7.1221289979629091e+001  1.8327536516959060e+002
  0.0000000000000000e+000  3.7380000000000000e+000  4.6000000000000000e+001 -6.9000000000000000e+001  9.2240987062958993e+001  1.7864831495608428e+002
  0.0000000000000000e+000  3.7719999999999998e+000  4.9000000000000000e+001 -6.3000000000000000e+001  1.1889084031753873e+002  1.7033486646817460e+002
  0.0000000000000000e+000  3.8050000000000002e+000  5.3000000000000000e+001 -5.8000000000000000e+001  1.4741796364673837e+002  1.5902632968035209e+002
  0.0000000000000000e+000  3.8380000000000001e+000  5.8000000000000000e+001 -5.2000000000000000e+001  1.7564813255646004e+002  1.4731303620636004e+002
  0.0000000000000000e+000  3.8719999999999999e+000  6.6000000000000000e+001 -4.8000000000000000e+001  1.9913133003184134e+002  1.3401885396430089e+002
  0.0000000000000000e+000  3.9049999999999998e+000  7.3000000000000000e+001 -4.4000000000000000e+001  2.1785922228029838e+002  1.2480231698742989e+002
  0.0000000000000000e+000  3.9390000000000001e+000  8.2000000000000000e+001 -4.0000000000000000e+001  2.2658228817476061e+002  1.1808638392874880e+002
  0.0000000000000000e+000  3.9720000000000000e+000  9.1000000000000000e+001 -3.6000000000000000e+001  2.2368303887289176e+002  1.1313877283471203e+002
  0.0000000000000000e+000  4.0049999999999999e+000  9.9000000000000000e+001 -3.4000000000000000e+001  2.0788364316330990e+002  1.1412745749911289e+002
  0.0000000000000000e+000  4.0389999999999997e+000  1.0700000000000000e+002 -3.0000000000000000e+001  1.8355485120676894e+002  1.1684750975859879e+002
  0.0000000000000000e+000  4.0720000000000001e+000  1.1200000000000000e+002 -2.6000000000000000e+001  1.5093219900404074e+002  1.2132841752923014e+002
  0.0000000000000000e+000  4.1050000000000004e+000  1.1700000000000000e+002 -2.1000000000000000e+001  1.1476079590957306e+002  1.2721661464420851e+002
  0.0000000000000000e+000  4.1390000000000002e+000  1.2000000000000000e+002 -1.7000000000000000e+001  7.8795611193208970e+001  1.3452477329093983e+002
  0.0000000000000000e+000  4.1719999999999997e+000  1.2100000000000000e+002 -1.2000000000000000e+001  4.6835274518722144e+001  1.3577075688160329e+002
  0.0000000000000000e+000  4.2060000000000004e+000  1.2100000000000000e+002 -8.0000000000000000e+000  2.3227277859041124e+001  1.3365047095311911e+002
  0.0000000000000000e+000  4.2389999999999999e+000  1.2100000000000000e+002 -2.0000000000000000e+000  6.6214643496184920e+000  1.2740167917899885e+002
  0.0000000000000000e+000  4.2720000000000002e+000  1.2100000000000000e+002  2.0000000000000000e+000  1.3608686276822937e+000  1.1919669144584259e+002
  0.0000000000000000e+000  4.3060000000000000e+000  1.1900000000000000e+002  6.0000000000000000e+000  7.0591867459443165e+000  1.0446435294518506e+002
  0.0000000000000000e+000  4.3390000000000004e+000  1.1900000000000000e+002  1.0000000000000000e+001  1.9179580108150276e+001  8.7442975026164277e+001
  0.0000000000000000e+000  4.3719999999999999e+000  1.1900000000000000e+002  1.3000000000000000e+001  3.5949399520708084e+001  6.4219086180325121e+001
  0.0000000000000000e+000  4.4059999999999997e+000  1.2100000000000000e+002  1.4000000000000000e+001  5.6487266586816077e+001  4.2321640912537077e+001
  0.0000000000000000e+000  4.4390000000000001e+000  1.2400000000000000e+002  1.5000000000000000e+001  7.7475391088744345e+001  1.9974731928853544e+001
  0.0000000000000000e+000  4.4729999999999999e+000  1.2800000000000000e+002  1.5000000000000000e+001  8.9600381471308935e+001 -1.6693268360904767e+000
  0.0000000000000000e+000  4.5060000000000002e+000  1.3200000000000000e+002  1.5000000000000000e+001  9.4096050035474491e+001 -1.8198465175242518e+001
  0.0000000000000000e+000  4.5389999999999997e+000  1.3600000000000000e+002  1.3000000000000000e+001  8.6849739024758492e+001 -2.9522714138235870e+001
  0.0000000000000000e+000  4.5730000000000004e+000  1.4000000000000000e+002  1.1000000000000000e+001  6.7768521882076129e+001 -3.8683193356648928e+001
  0.0000000000000000e+000  4.6059999999999999e+000  1.4200000000000000e+002  1.0000000000000000e+001  4.0191657767982178e+001 -4.3746555917295112e+001
  0.0000000000000000e+000  4.6399999999999997e+000  1.4300000000000000e+002  8.0000000000000000e+000  4.6423279334449035e+000 -4.5420547139611188e+001
  0.0000000000000000e+000  4.6730000000000000e+000  1.4300000000000000e+002  7.0000000000000000e+000 -3.3835315571136562e+001 -4.2644305568221057e+001
  0.0000000000000000e+000  4.7060000000000004e+000  1.4200000000000000e+002  5.0000000000000000e+000 -7.2941641651796999e+001 -4.1267655069738275e+001
  0.0000000000000000e+000  4.7400000000000002e+000  1.3800000000000000e+002  4.0000000000000000e+000 -1.0828146051383737e+002 -4.2447443638453706e+001
  0.0000000000000000e+000  4.7729999999999997e+000  1.3200000000000000e+002  3.0000000000000000e+000 -1.3768354027447208e+002 -4.4051602255686930e+001
  0.0000000000000000e+000  4.8060000000000000e+000  1.2600000000000000e+002  1.0000000000000000e+000 -1.5879973898158943e+002 -4.9902302340406550e+001
  0.0000000000000000e+000  4.8399999999999999e+000  1.2000000000000000e+002  1.0000000000000000e+000 -1.6839815206071603e+002 -5.8292462614102533e+001
  0.0000000000000000e+000  4.8730000000000002e+000  1.1300000000000000e+002 -1.0000000000000000e+000 -1.6453343217033535e+002 -7.1719403097898976e+001
  0.0000000000000000e+000  4.9070000000000000e+000  1.0700000000000000e+002 -4.0000000000000000e+000 -1.5025422126793592e+002 -8.8363083996640853e+001
  0.0000000000000000e+000  4.9400000000000004e+000  1.0200000000000000e+002 -7.0000000000000000e+000 -1.3259493316586440e+002 -1.0620818141933159e+002
  0.0000000000000000e+000  4.9729999999999999e+000  9.8000000000000000e+001 -1.1000000000000000e+001 -1.1160154213767873e+002 -1.2754172277058115e+002
  0.0000000000000000e+000  5.0069999999999997e+000  9.5000000000000000e+001 -1.6000000000000000e+001 -8.8001266253426820e+001 -1.4424877400113837e+002
  0.0000000000000000e+000  5.0400000000000000e+000  9.3000000000000000e+001 -2.1000000000000000e+001 -7.0157277552703817e+001 -1.5818781209068243e+002
  0.0000000000000000e+000  5.0730000000000004e+000  9.1000000000000000e+001 -2.7000000000000000e+001 -5.9134138788812777e+001 -1.6969937292560144e+002
  0.0000000000000000e+000  5.1070000000000002e+000  9.1000000000000000e+001 -3.3000000000000000e+001 -5.7109849998710615e+001 -1.7645660704755676e+002
  0.0000000000000000e+000  5.1399999999999997e+000  8.9000000000000000e+001 -4.0000000000000000e+001 -6.3943971890753346e+001 -1.7876290633661097e+002
  0.0000000000000000e+000  5.1740000000000004e+000  8.9000000000000000e+001 -4.6000000000000000e+001 -8.0455130114455642e+001 -1.7687764494046769e+002
  0.0000000000000000e+000  5.2069999999999999e+000  8.6000000000000000e+001 -5.2000000000000000e+001 -1.0333826697786117e+002 -1.7060257616331842e+002
  0.0000000000000000e+000  5.2400000000000002e+000  8.2000000000000000e+001 -5.8000000000000000e+001 -1.3328923147195928e+002 -1.6192207816623318e+002
  0.0000000000000000e+000  5.2740000000000000e+000  7.6000000000000000e+001 -6.3000000000000000e+001 -1.6308313041035763e+002 -1.5001576570042766e+002
  0.0000000000000000e+000  5.3070000000000004e+000  7.0000000000000000e+001 -6.8000000000000000e+001 -1.9310457922623391e+002 -1.3997235795069082e+002
  0.0000000000000000e+000  5.3399999999999999e+000  6.3000000000000000e+001 -7.2000000000000000e+001 -2.1260876370611732e+002 -1.2978897294851174e+002
  0.0000000000000000e+000  5.3739999999999997e+000  5.5000000000000000e+001 -7.6000000000000000e+001 -2.2428803131567679e+002 -1.2177310231339260e+002
  0.0000000000000000e+000  5.4070000000000000e+000  4.6000000000000000e+001 -8.0000000000000000e+001 -2.2610928991529772e+002 -1.1785597052199876e+002
  0.0000000000000000e+000  5.4409999999999998e+000  3.7000000000000000e+001 -8.3000000000000000e+001 -2.1866936227785845e+002 -1.1633859246993666e+002
  0.0000000000000000e+000  5.4740000000000002e+000  2.9000000000000000e+001 -8.7000000000000000e+001 -2.0128270955158587e+002 -1.1859751891897417e+002
  0.0000000000000000e+000  5.5069999999999997e+000  2.2000000000000000e+001 -9.0000000000000000e+001 -1.7485332568715694e+002 -1.2250146579533816e+002
  0.0000000000000000e+000  5.5410000000000004e+000  1.7000000000000000e+001 -9.5000000000000000e+001 -1.4026427577361483e+002 -1.2808543060810769e+002
  0.0000000000000000e+000  5.5739999999999998e+000  1.3000000000000000e+001 -1.0000000000000000e+002 -1.0552085437651203e+002 -1.3493244244845232e+002
  0.0000000000000000e+000  5.6070000000000002e+000  1.1000000000000000e+001 -1.0400000000000000e+002 -7.2889175582204643e+001 -1.3857152043361921e+002
  0.0000000000000000e+000  5.6410000000000000e+000  9.0000000000000000e+000 -1.0900000000000000e+002 -4.4944776082917997e+001 -1.4022727841997255e+002
  0.0000000000000000e+000  5.6740000000000004e+000  9.0000000000000000e+000 -1.1400000000000000e+002 -2.5942275734022815e+001 -1.3553417137563338e+002
  0.0000000000000000e+000  5.7080000000000002e+000  9.0000000000000000e+000 -1.1900000000000000e+002 -1.4745865684953401e+001 -1.2818922329060297e+002
  0.0000000000000000e+000  5.7409999999999997e+000  9.0000000000000000e+000 -1.2400000000000000e+002 -1.3157625325345634e+001 -1.1906253521949384e+002
  0.0000000000000000e+000  5.7740000000000000e+000  1.0000000000000000e+001 -1.2800000000000000e+002 -1.8380122878054863e+001 -1.0459900585002106e+002
  0.0000000000000000e+000  5.8079999999999998e+000  1.0000000000000000e+001 -1.3100000000000000e+002 -3.3357340385639418e+001 -8.6217169848423055e+001
  0.0000000000000000e+000  5.8410000000000002e+000  9.0000000000000000e+000 -1.3300000000000000e+002 -5.1185101920576017e+001 -6.6535793579277197e+001
  0.0000000000000000e+000  5.8739999999999997e+000  6.0000000000000000e+000 -1.3500000000000000e+002 -7.0896811613176396e+001 -4.5937718972913444e+001
  0.0000000000000000e+000  5.9080000000000004e+000  3.0000000000000000e+000 -1.3700000000000000e+002 -8.9789064322665809e+001 -2.6858089700722758e+001
  0.0000000000000000e+000  5.9409999999999998e+000 -1.0000000000000000e+000 -1.3700000000000000e+002 -1.0091374444886810e+002 -1.0497132260559738e+001
  0.0000000000000000e+000  5.9749999999999996e+000 -6.0000000000000000e+000 -1.3700000000000000e+002 -1.0184846501702577e+002  4.4874748413751604e+000
  0.0000000000000000e+000  6.0080000000000000e+000 -1.0000000000000000e+001 -1.3600000000000000e+002 -9.1831654729186084e+001  1.7855405592741135e+001
  0.0000000000000000e+000  6.0410000000000004e+000 -1.4000000000000000e+001 -1.3500000000000000e+002 -7.3697406203608807e+001  2.7737261504331485e+001
  0.0000000000000000e+000  6.0750000000000002e+000 -1.6000000000000000e+001 -1.3300000000000000e+002 -4.3866560954114902e+001  3.1648243543825316e+001
  0.0000000000000000e+000  6.1079999999999997e+000 -1.7000000000000000e+001 -1.3200000000000000e+002 -8.2141870430004928e+000  3.3460656869469688e+001
  0.0000000000000000e+000  6.1420000000000003e+000 -1.8000000000000000e+001 -1.3100000000000000e+002  3.1029757604142105e+001  3.2204814440740392e+001
  0.0000000000000000e+000  6.1749999999999998e+000 -1.6000000000000000e+001 -1.3000000000000000e+002  6.9465943540682019e+001  3.0896095333470669e+001
  0.0000000000000000e+000  6.2080000000000002e+000 -1.2000000000000000e+001 -1.2900000000000000e+002  1.0319364191208115e+002  3.0177209605992402e+001
  0.0000000000000000e+000  6.2420000000000000e+000 -7.0000000000000000e+000 -1.2900000000000000e+002  1.3257834545178230e+002  3.4244128599269288e+001
  0.0000000000000000e+000  6.2750000000000004e+000 -1.0000000000000000e+000 -1.2700000000000000e+002  1.5392010019754673e+002  4.1004811560372673e+001
  0.0000000000000000e+000  6.3079999999999998e+000  5.0000000000000000e+000 -1.2700000000000000e+002  1.6104123732525068e+002  5.1290090255509313e+001
  0.0000000000000000e+000  6.3419999999999996e+000  1.2000000000000000e+001 -1.2500000000000000e+002  1.5663452208173840e+002  6.5997026782057674e+001
  0.0000000000000000e+000  6.3750000000000000e+000  1.7000000000000000e+001 -1.2300000000000000e+002  1.4449471063519832e+002  8.3887291819424718e+001
  0.0000000000000000e+000  6.4089999999999998e+000  2.2000000000000000e+001 -1.1900000000000000e+002  1.2461665608347175e+002  1.0178696926946395e+002
  0.0000000000000000e+000  6.4420000000000002e+000  2.6000000000000000e+001 -1.1600000000000000e+002  1.0303460445482870e+002  1.2262038059870474e+002
  0.0000000000000000e+000  6.4749999999999996e+000  2.9000000000000000e+001 -1.1100000000000000e+002  8.1051569481384377e+001  1.3905135733076804e+002
  0.0000000000000000e+000  6.5090000000000003e+000  3.1000000000000000e+001 -1.0600000000000000e+002  6.4491571364696938e+001  1.5352845070242211e+002
  0.0000000000000000e+000  6.5419999999999998e+000  3.1000000000000000e+001 -1.0000000000000000e+002  5.2849435217176165e+001  1.6280743372858763e+002
  0.0000000000000000e+000  6.5750000000000002e+000  3.2000000000000000e+001 -9.4000000000000000e+001  4.9960365581849146e+001  1.7024968159181623e+002
  0.0000000000000000e+000  6.6090000000000000e+000  3.3000000000000000e+001 -8.8000000000000000e+001  5.8028374660465488e+001  1.7088637952446379e+002
  0.0000000000000000e+000  6.6420000000000003e+000  3.5000000000000000e+001 -8.2000000000000000e+001  7.5701865068286679e+001  1.6883834994079621e+002
  0.0000000000000000e+000  6.6760000000000002e+000  3.7000000000000000e+001 -7.6000000000000000e+001  1.0289990499848136e+002  1.6185254976155215e+002
  0.0000000000000000e+000  6.7089999999999996e+000  4.0000000000000000e+001 -7.1000000000000000e+001  1.3077832676829894e+002  1.5366139568316248e+002
  0.0000000000000000e+000  6.7420000000000000e+000  4.5000000000000000e+001 -6.6000000000000000e+001  1.6041948388467699e+002  1.4472377595698549e+002
  0.0000000000000000e+000  6.7759999999999998e+000  5.2000000000000000e+001 -6.1000000000000000e+001  1.8861504283578961e+002  1.3518221108986245e+002
  0.0000000000000000e+000  6.8090000000000002e+000  6.0000000000000000e+001 -5.7000000000000000e+001  2.1231739148083125e+002  1.2756278725519712e+002
  0.0000000000000000e+000  6.8419999999999996e+000  6.8000000000000000e+001 -5.3000000000000000e+001  2.2622826542589110e+002  1.2270329018529168e+002
  0.0000000000000000e+000  6.8760000000000003e+000  7.6000000000000000e+001 -5.0000000000000000e+001  2.2717049936071226e+002  1.1959292900664622e+002
  0.0000000000000000e+000  6.9089999999999998e+000  8.5000000000000000e+001 -4.6000000000000000e+001  2.1691735323246485e+002  1.1961255107951479e+002
  0.0000000000000000e+000  6.9429999999999996e+000  9.3000000000000000e+001 -4.2000000000000000e+001  1.9640414121202230e+002  1.2386199859663839e+002
  0.0000000000000000e+000  6.9760000000000000e+000  1.0000000000000000e+002 -3.8000000000000000e+001  1.7071013294741078e+002  1.2972087966661024e+002
  0.0000000000000000e+000  7.0090000000000003e+000  1.0500000000000000e+002 -3.3000000000000000e+001  1.4002088616453693e+002  1.3726023820652949e+002
  0.0000000000000000e+000  7.0430000000000001e+000  1.0900000000000000e+002 -2.9000000000000000e+001  1.0441985990184003e+002  1.4216258368140348e+002
  0.0000000000000000e+000  7.0759999999999996e+000  1.1100000000000000e+002 -2.4000000000000000e+001  7.3079740626528292e+001  1.4601612936744968e+002
  0.0000000000000000e+000  7.1090000000000000e+000  1.1200000000000000e+002 -1.8000000000000000e+001  4.7063601341662888e+001  1.4721942195596989e+002
  0.0000000000000000e+000  7.1429999999999998e+000  1.1300000000000000e+002 -1.3000000000000000e+001  2.9814336453189981e+001  1.4395513092904321e+002
  0.0000000000000000e+000  7.1760000000000002e+000  1.1300000000000000e+002 -8.0000000000000000e+000  2.1306035612714368e+001  1.3868180567733179e+002
  0.0000000000000000e+000  7.2100000000000000e+000  1.1300000000000000e+002 -3.0000000000000000e+000  2.3029151955414363e+001  1.2598683994228486e+002
  0.0000000000000000e+000  7.2430000000000003e+000  1.1300000000000000e+002  1.0000000000000000e+000  3.1849804345805751e+001  1.0945641191250434e+002
  0.0000000000000000e+000  7.2759999999999998e+000  1.1300000000000000e+002  5.0000000000000000e+000  4.5873386612021932e+001  9.2463589723535733e+001
  0.0000000000000000e+000  7.3099999999999996e+000  1.1500000000000000e+002  8.0000000000000000e+000  6.5800009805489026e+001  7.2191768553057045e+001
  0.0000000000000000e+000  7.3430000000000000e+000  1.1800000000000000e+002  9.0000000000000000e+000  8.5460659575892805e+001  5.1838064340555775e+001
  0.0000000000000000e+000  7.3760000000000003e+000  1.2200000000000000e+002  1.1000000000000000e+001  1.0221584388127053e+002  3.2671638782866466e+001
  0.0000000000000000e+000  7.4100000000000001e+000  1.2600000000000000e+002  1.1000000000000000e+001  1.1188228594817019e+002  1.4382828759514268e+001
  0.0000000000000000e+000  7.4429999999999996e+000  1.3200000000000000e+002  1.1000000000000000e+001  1.1012767592094133e+002  8.7581157346676264e-001
  0.0000000000000000e+000  7.4770000000000003e+000  1.3600000000000000e+002  1.1000000000000000e+001  9.7108763123645986e+001 -8.1094691050290066e+000
  0.0000000000000000e+000  7.5099999999999998e+000  1.4000000000000000e+002  1.0000000000000000e+001  7.4741814502646776e+001 -1.6081761706657716e+001
  0.0000000000000000e+000  7.5430000000000001e+000  1.4200000000000000e+002  9.0000000000000000e+000  4.4569240202565197e+001 -1.8916721317006189e+001
  0.0000000000000000e+000  7.5770000000000000e+000  1.4300000000000000e+002  8.0000000000000000e+000  5.1380125636733283e+000 -2.0957697552329279e+001
  0.0000000000000000e+000  7.6100000000000003e+000  1.4300000000000000e+002  7.0000000000000000e+000 -3.1535088066873868e+001 -2.1793489001803827e+001
  0.0000000000000000e+000  7.6440000000000001e+000  1.4100000000000000e+002  7.0000000000000000e+000 -6.9222758706162494e+001 -2.1075786200662719e+001
  0.0000000000000000e+000  7.6769999999999996e+000  1.3800000000000000e+002  7.0000000000000000e+000 -1.0016974187196320e+002 -2.2157617571516539e+001
  0.0000000000000000e+000  7.7100000000000000e+000  1.3200000000000000e+002  6.0000000000000000e+000 -1.2546299333662319e+002 -2.6062852663321792e+001
  0.0000000000000000e+000  7.7439999999999998e+000  1.2700000000000000e+002  5.0000000000000000e+000 -1.4189137603101892e+002 -3.4237295121187344e+001
  0.0000000000000000e+000  7.7770000000000001e+000  1.2100000000000000e+002  4.0000000000000000e+000 -1.4658298082338251e+002 -4.7029321182626518e+001
  0.0000000000000000e+000  7.8099999999999996e+000  1.1600000000000000e+002  3.0000000000000000e+000 -1.4036260056058745e+002 -6.1902283454154713e+001
  0.0000000000000000e+000  7.8440000000000003e+000  1.1000000000000000e+002  1.0000000000000000e+000 -1.2330833037288721e+002 -7.8299818684578895e+001
  0.0000000000000000e+000  7.8769999999999998e+000  1.0600000000000000e+002 -2.0000000000000000e+000 -1.0505385652147288e+002 -9.6765865373863562e+001
  0.0000000000000000e+000  7.9109999999999996e+000  1.0300000000000000e+002 -6.0000000000000000e+000 -8.2448942245364378e+001 -1.1697524994579408e+002
  0.0000000000000000e+000  7.9440000000000000e+000  1.0100000000000000e+002 -1.0000000000000000e+001 -6.3126546771659832e+001 -1.3572660859967618e+002
  0.0000000000000000e+000  7.9770000000000003e+000  1.0100000000000000e+002 -1.6000000000000000e+001 -4.7174395235687200e+001 -1.5065408823598841e+002
  0.0000000000000000e+000  8.0109999999999992e+000  1.0000000000000000e+002 -2.1000000000000000e+001 -4.2520517226461379e+001 -1.6108495936988868e+002
  0.0000000000000000e+000  8.0440000000000005e+000  9.9000000000000000e+001 -2.7000000000000000e+001 -4.7296155718213413e+001 -1.6698135167325523e+002
  0.0000000000000000e+000  8.0770000000000000e+000  9.9000000000000000e+001 -3.3000000000000000e+001 -6.2398638401136850e+001 -1.6858482541019316e+002
  0.0000000000000000e+000  8.1110000000000007e+000  9.7000000000000000e+001 -3.9000000000000000e+001 -8.7685330738449920e+001 -1.6427603114869021e+002
  0.0000000000000000e+000  8.1440000000000001e+000  9.4000000000000000e+001 -4.5000000000000000e+001 -1.1505570665109371e+002 -1.5940203836024648e+002
  0.0000000000000000e+000  8.1780000000000008e+000  8.9000000000000000e+001 -5.0000000000000000e+001 -1.4675944313907530e+002 -1.4981019067827856e+002
  0.0000000000000000e+000  8.2110000000000003e+000  8.3000000000000000e+001 -5.5000000000000000e+001 -1.7784385891520742e+002 -1.3995964876863582e+002
  0.0000000000000000e+000  8.2439999999999998e+000  7.7000000000000000e+001 -5.9000000000000000e+001 -2.0179429012344917e+002 -1.3056601003908486e+002
  0.0000000000000000e+000  8.2780000000000005e+000  6.8000000000000000e+001 -6.3000000000000000e+001 -2.1813359901771079e+002 -1.2276954482757986e+002
  0.0000000000000000e+000  8.3109999999999999e+000  6.0000000000000000e+001 -6.7000000000000000e+001 -2.2444289205118821e+002 -1.1921954433357814e+002
  0.0000000000000000e+000  8.3439999999999994e+000  5.1000000000000000e+001 -7.0000000000000000e+001 -2.2128196308601582e+002 -1.1842952136808481e+002
  0.0000000000000000e+000  8.3780000000000001e+000  4.4000000000000000e+001 -7.4000000000000000e+001 -2.0819652227043298e+002 -1.2214693018546109e+002
  0.0000000000000000e+000  8.4109999999999996e+000  3.6000000000000000e+001 -7.8000000000000000e+001 -1.8435217988938075e+002 -1.2751310567015457e+002
  0.0000000000000000e+000  8.4450000000000003e+000  3.0000000000000000e+001 -8.2000000000000000e+001 -1.5545037752278222e+002 -1.3481395296287315e+002
  0.0000000000000000e+000  8.4779999999999998e+000  2.5000000000000000e+001 -8.7000000000000000e+001 -1.2382130219602277e+002 -1.4316589316291652e+002
  0.0000000000000000e+000  8.5109999999999992e+000  2.2000000000000000e+001 -9.2000000000000000e+001 -9.4709890817360247e+001 -1.4859013655310207e+002
  0.0000000000000000e+000  8.5449999999999999e+000  2.0000000000000000e+001 -9.8000000000000000e+001 -6.5117187715113687e+001 -1.5186106473127450e+002
  0.0000000000000000e+000  8.5779999999999994e+000  1.9000000000000000e+001 -1.0300000000000000e+002 -4.4626218500676032e+001 -1.5209868200492178e+002
  0.0000000000000000e+000  8.6110000000000007e+000  1.9000000000000000e+001 -1.0800000000000000e+002 -3.2315556786360389e+001 -1.4692545648015175e+002
  0.0000000000000000e+000  8.6449999999999996e+000  1.9000000000000000e+001 -1.1400000000000000e+002 -3.0945169018405977e+001 -1.3754125724761161e+002
  0.0000000000000000e+000  8.6780000000000008e+000  1.8000000000000000e+001 -1.1800000000000000e+002 -3.7406929141417095e+001 -1.2422564900652833e+002
  0.0000000000000000e+000  8.7119999999999997e+000  1.7000000000000000e+001 -1.2200000000000000e+002 -5.1614516395860846e+001 -1.0891903774881757e+002
  0.0000000000000000e+000  8.7449999999999992e+000  1.6000000000000000e+001 -1.2600000000000000e+002 -6.9874035092165286e+001 -9.1417650654163481e+001
  0.0000000000000000e+000  8.7780000000000005e+000  1.3000000000000000e+001 -1.2900000000000000e+002 -8.8573840117397140e+001 -7.1849393241011057e+001
  0.0000000000000000e+000  8.8119999999999994e+000  9.0000000000000000e+000 -1.3100000000000000e+002 -1.0480667690116616e+002 -5.4026545951571279e+001
  0.0000000000000000e+000  8.8450000000000006e+000  4.0000000000000000e+000 -1.3100000000000000e+002 -1.1729457796896008e+002 -3.6162797517307354e+001
  0.0000000000000000e+000  8.8780000000000001e+000  0.0000000000000000e+000 -1.3200000000000000e+002 -1.2246067471032620e+002 -1.9709553121176214e+001
  0.0000000000000000e+000  8.9120000000000008e+000 -5.0000000000000000e+000 -1.3300000000000000e+002 -1.1565465610491265e+002 -7.6675948269837590e+000
  0.0000000000000000e+000  8.9450000000000003e+000 -1.0000000000000000e+001 -1.3300000000000000e+002 -1.0013568802744612e+002 -4.3236147700315541e-001
  0.0000000000000000e+000  8.9789999999999992e+000 -1.4000000000000000e+001 -1.3200000000000000e+002 -7.4506080272565669e+001  2.9085975808903868e+000
  0.0000000000000000e+000  9.0120000000000005e+000 -1.6000000000000000e+001 -1.3100000000000000e+002 -4.4469327808124945e+001  7.0215993993198822e+000
  0.0000000000000000e+000  9.0449999999999999e+000 -1.7000000000000000e+001 -1.3100000000000000e+002 -7.6952225763125170e+000  8.9186376495932222e+000
  0.0000000000000000e+000  9.0790000000000006e+000 -1.7000000000000000e+001 -1.3100000000000000e+002  3.2229856910444141e+001  7.9458860912811815e+000
  0.0000000000000000e+000  9.1120000000000001e+000 -1.5000000000000000e+001 -1.3100000000000000e+002  6.7795097522393917e+001  6.8340653580271464e+000
  0.0000000000000000e+000  9.1460000000000008e+000 -1.1000000000000000e+001 -1.3100000000000000e+002  9.7773625989258107e+001  9.3198740592088143e+000
  0.0000000000000000e+000  9.1790000000000003e+000 -6.0000000000000000e+000 -1.3100000000000000e+002  1.2030692261824424e+002  1.6464914235820288e+001
  0.0000000000000000e+000  9.2119999999999997e+000 -1.0000000000000000e+000 -1.3100000000000000e+002  1.3395459908991256e+002  2.6376055130428540e+001
  0.0000000000000000e+000  9.2460000000000004e+000  4.0000000000000000e+000 -1.3000000000000000e+002  1.3533944445943325e+002  3.9967423275686087e+001
  0.0000000000000000e+000  9.2789999999999999e+000  1.0000000000000000e+001 -1.2800000000000000e+002  1.2706004765940725e+002  5.5843254311039345e+001
  0.0000000000000000e+000  9.3119999999999994e+000  1.4000000000000000e+001 -1.2600000000000000e+002  1.1182181042022421e+002  7.3880152510104381e+001
  0.0000000000000000e+000  9.3460000000000001e+000  1.8000000000000000e+001 -1.2400000000000000e+002  9.2986979594563309e+001  9.3231662968782985e+001
  0.0000000000000000e+000  9.3789999999999996e+000  2.0000000000000000e+001 -1.2000000000000000e+002  7.3706736733581238e+001  1.1036678145576661e+002
  0.0000000000000000e+000  9.4130000000000003e+000  2.2000000000000000e+001 -1.1600000000000000e+002  5.5187177875998714e+001  1.2652811462641603e+002
  0.0000000000000000e+000  9.4459999999999997e+000  2.3000000000000000e+001 -1.1100000000000000e+002  4.5254438672595825e+001  1.4151344891980898e+002
  0.0000000000000000e+000  9.4789999999999992e+000  2.3000000000000000e+001 -1.0600000000000000e+002  4.1492201372003365e+001  1.5329703442276730e+002
  0.0000000000000000e+000  9.5129999999999999e+000  2.3000000000000000e+001 -1.0000000000000000e+002  4.8390642588066839e+001  1.5817729014078554e+002
  0.0000000000000000e+000  9.5459999999999994e+000  2.5000000000000000e+001 -9.4000000000000000e+001  6.2046838380548252e+001  1.6004153229687290e+002
  0.0000000000000000e+000  9.5790000000000006e+000  2.7000000000000000e+001 -8.9000000000000000e+001  8.4399518565211110e+001  1.5689688229871854e+002
  0.0000000000000000e+000  9.6129999999999995e+000  3.0000000000000000e+001 -8.3000000000000000e+001  1.1329655797127452e+002  1.5102753650823252e+002
  0.0000000000000000e+000  9.6460000000000008e+000  3.4000000000000000e+001 -7.8000000000000000e+001  1.4233789679753500e+002  1.4280303267984254e+002
  0.0000000000000000e+000  9.6799999999999997e+000  3.9000000000000000e+001 -7.4000000000000000e+001  1.6911963709289103e+002  1.3459551033134562e+002
  0.0000000000000000e+000  9.7129999999999992e+000  4.6000000000000000e+001 -7.0000000000000000e+001  1.9339921759781873e+002  1.2850449439623389e+002
  0.0000000000000000e+000  9.7460000000000004e+000  5.4000000000000000e+001 -6.6000000000000000e+001  2.1181428858616550e+002  1.2265387227113655e+002
  0.0000000000000000e+000  9.7799999999999994e+000  6.2000000000000000e+001 -6.2000000000000000e+001  2.2113604639602772e+002  1.2119568198803654e+002
  0.0000000000000000e+000  9.8130000000000006e+000  7.0000000000000000e+001 -5.8000000000000000e+001  2.2055728463624746e+002  1.2341778428992666e+002
  0.0000000000000000e+000  9.8460000000000001e+000  7.9000000000000000e+001 -5.4000000000000000e+001  2.0759416404666626e+002  1.2672155966736227e+002
  0.0000000000000000e+000  9.8800000000000008e+000  8.6000000000000000e+001 -5.0000000000000000e+001  1.8520592484020563e+002  1.3174255205869076e+002
  0.0000000000000000e+000  9.9130000000000003e+000  9.2000000000000000e+001 -4.6000000000000000e+001  1.5845248925071610e+002  1.3782454554155720e+002
  0.0000000000000000e+000  9.9469999999999992e+000  9.7000000000000000e+001 -4.1000000000000000e+001  1.2629557888602358e+002  1.4442881469947224e+002
  0.0000000000000000e+000  9.9800000000000004e+000  1.0000000000000000e+002 -3.6000000000000000e+001  9.4368406782103193e+001  1.5067930057046954e+002
  0.0000000000000000e+000  1.0013000000000000e+001  1.0300000000000000e+002 -3.0000000000000000e+001  6.8930547131547428e+001  1.5573677909875812e+002
  0.0000000000000000e+000  1.0047000000000001e+001  1.0300000000000000e+002 -2.5000000000000000e+001  4.9132895369657945e+001  1.5695456994394044e+002
  0.0000000000000000e+000  1.0080000000000000e+001  1.0300000000000000e+002 -1.9000000000000000e+001  3.7924613956671010e+001  1.5297968171832008e+002
  0.0000000000000000e+000  1.0113000000000000e+001  1.0400000000000000e+002 -1.4000000000000000e+001  3.6786748757601799e+001  1.4440637292568863e+002
  0.0000000000000000e+000  1.0147000000000000e+001  1.0500000000000000e+002 -9.0000000000000000e+000  4.3952751902318596e+001  1.3045150416936031e+002
  0.0000000000000000e+000  1.0180000000000000e+001  1.0600000000000000e+002 -4.0000000000000000e+000  6.0510280846744536e+001  1.1557657516266408e+002
  0.0000000000000000e+000  1.0214000000000000e+001  1.0800000000000000e+002  0.0000000000000000e+000  7.9118362702371087e+001  9.5791709841962984e+001
  0.0000000000000000e+000  1.0247000000000000e+001  1.1100000000000000e+002  2.0000000000000000e+000  9.5883192891892577e+001  7.7047017863499605e+001
  0.0000000000000000e+000  1.0279999999999999e+001  1.1500000000000000e+002  4.0000000000000000e+000  1.1171110227883719e+002  5.7837742670856642e+001
  0.0000000000000000e+000  1.0314000000000000e+001  1.2000000000000000e+002  5.0000000000000000e+000  1.2277962989974162e+002  3.9692117120065632e+001
  0.0000000000000000e+000  1.0347000000000000e+001  1.2500000000000000e+002  6.0000000000000000e+000  1.2539909924067888e+002  2.6619371981572385e+001
  0.0000000000000000e+000  1.0380000000000001e+001  1.3000000000000000e+002  7.0000000000000000e+000  1.1807081883505271e+002  1.8263139764791504e+001
  0.0000000000000000e+000  1.0414000000000000e+001  1.3500000000000000e+002  7.0000000000000000e+000  1.0024580887604316e+002  1.0956443711965449e+001
  0.0000000000000000e+000  1.0446999999999999e+001  1.3800000000000000e+002  7.0000000000000000e+000  7.4728408574219429e+001  6.3390313668403451e+000
  0.0000000000000000e+000  1.0481000000000000e+001  1.4100000000000000e+002  7.0000000000000000e+000  4.1681976955076607e+001  2.3896886686692369e+000
  0.0000000000000000e+000  1.0513999999999999e+001  1.4100000000000000e+002  7.0000000000000000e+000  5.8587143746990478e+000  1.1356320531325330e-015
  0.0000000000000000e+000  1.0547000000000001e+001  1.4100000000000000e+002  7.0000000000000000e+000 -3.0388673981133252e+001 -2.9702611727162775e-001
  0.0000000000000000e+000  1.0581000000000000e+001  1.3900000000000000e+002  7.0000000000000000e+000 -6.3183161429230495e+001 -1.6379231489061112e+000
  0.0000000000000000e+000  1.0614000000000001e+001  1.3600000000000000e+002  7.0000000000000000e+000 -9.1046349208979336e+001 -4.4217995682172386e+000
  0.0000000000000000e+000  1.0648000000000000e+001  1.3100000000000000e+002  7.0000000000000000e+000 -1.0872820904200353e+002 -9.9794417396005883e+000
  0.0000000000000000e+000  1.0680999999999999e+001  1.2600000000000000e+002  7.0000000000000000e+000 -1.1907791678945750e+002 -1.8454773359724641e+001
  0.0000000000000000e+000  1.0714000000000000e+001  1.2100000000000000e+002  7.0000000000000000e+000 -1.1872065737633602e+002 -3.0394535230859219e+001
  0.0000000000000000e+000  1.0747999999999999e+001  1.1700000000000000e+002  6.0000000000000000e+000 -1.0861587285293172e+002 -4.6655251158223109e+001
  0.0000000000000000e+000  1.0781000000000001e+001  1.1300000000000000e+002  4.0000000000000000e+000 -9.1436765961597303e+001 -6.5493155985114754e+001
  0.0000000000000000e+000  1.0814000000000000e+001  1.1000000000000000e+002  2.0000000000000000e+000 -7.2283820810174802e+001 -8.6254012625086034e+001
  0.0000000000000000e+000  1.0848000000000001e+001  1.0900000000000000e+002 -2.0000000000000000e+000 -5.3765261179273693e+001 -1.0742305321980530e+002
  0.0000000000000000e+000  1.0881000000000000e+001  1.0800000000000000e+002 -6.0000000000000000e+000 -4.0398432404836512e+001 -1.2514491232015962e+002
  0.0000000000000000e+000  1.0914999999999999e+001  1.0700000000000000e+002 -1.1000000000000000e+001 -3.2803019399119421e+001 -1.3932323161094655e+002
  0.0000000000000000e+000  1.0948000000000000e+001  1.0700000000000000e+002 -1.6000000000000000e+001 -3.4829488321262943e+001 -1.4936021448269742e+002
  0.0000000000000000e+000  1.0981000000000000e+001  1.0700000000000000e+002 -2.2000000000000000e+001 -4.6812633101651045e+001 -1.5290733219357389e+002
  0.0000000000000000e+000  1.1015000000000001e+001  1.0600000000000000e+002 -2.7000000000000000e+001 -6.6124059754472910e+001 -1.5287331014412939e+002
  0.0000000000000000e+000  1.1048000000000000e+001  1.0400000000000000e+002 -3.3000000000000000e+001 -9.1351918730224497e+001 -1.4897430660404279e+002
  0.0000000000000000e+000  1.1081000000000000e+001  1.0000000000000000e+002 -3.8000000000000000e+001 -1.2275332063748647e+002 -1.4276135526734788e+002
  0.0000000000000000e+000  1.1115000000000000e+001  9.5000000000000000e+001 -4.2000000000000000e+001 -1.5529761423280615e+002 -1.3462502010373532e+002
  0.0000000000000000e+000  1.1148000000000000e+001  8.9000000000000000e+001 -4.6000000000000000e+001 -1.8302292279461199e+002 -1.2863260885870636e+002
  0.0000000000000000e+000  1.1182000000000000e+001  8.2000000000000000e+001 -5.0000000000000000e+001 -2.0410133291251032e+002 -1.2216359363365569e+002
  0.0000000000000000e+000  1.1215000000000000e+001  7.4000000000000000e+001 -5.4000000000000000e+001 -2.1562055366139600e+002 -1.2043088049199912e+002
  0.0000000000000000e+000  1.1247999999999999e+001  6.5000000000000000e+001 -5.8000000000000000e+001 -2.1903514784309846e+002 -1.2217508607251716e+002
  0.0000000000000000e+000  1.1282000000000000e+001  5.7000000000000000e+001 -6.2000000000000000e+001 -2.1170274613540914e+002 -1.2528991673368387e+002
  0.0000000000000000e+000  1.1315000000000000e+001  5.0000000000000000e+001 -6.6000000000000000e+001 -1.9572541776279650e+002 -1.2974647984350941e+002
  0.0000000000000000e+000  1.1348000000000001e+001  4.3000000000000000e+001 -7.0000000000000000e+001 -1.7116227263197470e+002 -1.3537022922324013e+002
  0.0000000000000000e+000  1.1382000000000000e+001  3.8000000000000000e+001 -7.4000000000000000e+001 -1.4119211539969547e+002 -1.4255369208312004e+002
  0.0000000000000000e+000  1.1414999999999999e+001  3.3000000000000000e+001 -8.0000000000000000e+001 -1.1315828456176132e+002 -1.4988829335785476e+002
  0.0000000000000000e+000  1.1449000000000000e+001  3.1000000000000000e+001 -8.5000000000000000e+001 -8.6046024736077015e+001 -1.5623282745493213e+002
  0.0000000000000000e+000  1.1481999999999999e+001  2.9000000000000000e+001 -9.1000000000000000e+001 -6.3434588909534796e+001 -1.6004728763444859e+002
  0.0000000000000000e+000  1.1515000000000001e+001  2.8000000000000000e+001 -9.6000000000000000e+001 -4.9247677147209487e+001 -1.5982889821968774e+002
  0.0000000000000000e+000  1.1548999999999999e+001  2.7000000000000000e+001 -1.0200000000000000e+002 -4.2750606715161211e+001 -1.5248668108173752e+002
  0.0000000000000000e+000  1.1582000000000001e+001  2.7000000000000000e+001 -1.0800000000000000e+002 -4.7720068265964983e+001 -1.4418357601424668e+002
  0.0000000000000000e+000  1.1615000000000000e+001  2.6000000000000000e+001 -1.1200000000000000e+002 -5.8407026767911702e+001 -1.3054291225510951e+002
  0.0000000000000000e+000  1.1648999999999999e+001  2.4000000000000000e+001 -1.1700000000000000e+002 -7.6028823302201090e+001 -1.1429845595798452e+002
  0.0000000000000000e+000  1.1682000000000000e+001  2.1000000000000000e+001 -1.2000000000000000e+002 -9.5838517048006906e+001 -9.4768425007272526e+001
  0.0000000000000000e+000  1.1715999999999999e+001  1.7000000000000000e+001 -1.2300000000000000e+002 -1.1661688549621795e+002 -7.4936262291882485e+001
  0.0000000000000000e+000  1.1749000000000001e+001  1.2000000000000000e+001 -1.2500000000000000e+002 -1.3113502099540403e+002 -5.9000740757261156e+001
  0.0000000000000000e+000  1.1782000000000000e+001  7.0000000000000000e+000 -1.2700000000000000e+002 -1.3842157059540887e+002 -4.2735703234514403e+001
  0.0000000000000000e+000  1.1816000000000001e+001  1.0000000000000000e+000 -1.2700000000000000e+002 -1.3615473440178266e+002 -3.0913434408898411e+001
  0.0000000000000000e+000  1.1849000000000000e+001 -4.0000000000000000e+000 -1.2700000000000000e+002 -1.2485311872040074e+002 -2.1486055174229705e+001
  0.0000000000000000e+000  1.1882000000000000e+001 -9.0000000000000000e+000 -1.2800000000000000e+002 -1.0388821998915228e+002 -1.6013386282553597e+001
  0.0000000000000000e+000  1.1916000000000000e+001 -1.2000000000000000e+001 -1.2900000000000000e+002 -7.4595277678263301e+001 -1.3191776042403518e+001
  0.0000000000000000e+000  1.1949000000000000e+001 -1.5000000000000000e+001 -1.2900000000000000e+002 -4.0049474415231089e+001 -1.4265700315205777e+001
  0.0000000000000000e+000  1.1983000000000001e+001 -1.5000000000000000e+001 -1.2900000000000000e+002 -3.0686267039091035e+000 -1.3756879676587801e+001
  0.0000000000000000e+000  1.2016000000000000e+001 -1.5000000000000000e+001 -1.2900000000000000e+002  3.2407028775807703e+001 -1.1253789449089254e+001
  0.0000000000000000e+000  1.2048999999999999e+001 -1.2000000000000000e+001 -1.3100000000000000e+002  6.2878837687376290e+001 -9.0078287092642313e+000
  0.0000000000000000e+000  1.2083000000000000e+001 -9.0000000000000000e+000 -1.3100000000000000e+002  8.8887576275940773e+001 -6.6661708515766804e+000
  0.0000000000000000e+000  1.2116000000000000e+001 -4.0000000000000000e+000 -1.3100000000000000e+002  1.0355209746558324e+002 -1.2664059283088136e+000
  0.0000000000000000e+000  1.2150000000000000e+001  0.0000000000000000e+000 -1.3100000000000000e+002  1.1032063113703680e+002  9.0639001790295879e+000
  0.0000000000000000e+000  1.2183000000000000e+001  4.0000000000000000e+000 -1.3100000000000000e+002  1.0567385084506805e+002  2.4395897260286802e+001
  0.0000000000000000e+000  1.2215999999999999e+001  8.0000000000000000e+000 -1.3100000000000000e+002  9.6034851675844038e+001  3.8638237892508187e+001
  0.0000000000000000e+000  1.2250000000000000e+001  1.2000000000000000e+001 -1.2900000000000000e+002  7.9428543851083305e+001  5.7065286662177641e+001
  0.0000000000000000e+000  1.2282999999999999e+001  1.4000000000000000e+001 -1.2700000000000000e+002  6.4078000717031500e+001  7.7144319293835906e+001
  0.0000000000000000e+000  1.2316000000000001e+001  1.5000000000000000e+001 -1.2400000000000000e+002  4.8431431406047523e+001  9.7762773267725606e+001
  0.0000000000000000e+000  1.2350000000000000e+001  1.6000000000000000e+001 -1.2000000000000000e+002  3.5431817290348931e+001  1.1670479223803795e+002
  0.0000000000000000e+000  1.2382999999999999e+001  1.6000000000000000e+001 -1.1500000000000000e+002  2.8883287146218663e+001  1.2976703522509933e+002
  0.0000000000000000e+000  1.2417000000000000e+001  1.7000000000000000e+001 -1.1000000000000000e+002  3.3210792989996662e+001  1.3970741180588692e+002
  0.0000000000000000e+000  1.2449999999999999e+001  1.7000000000000000e+001 -1.0500000000000000e+002  4.5124944896506349e+001  1.4411939557026039e+002
  0.0000000000000000e+000  1.2483000000000001e+001  1.8000000000000000e+001 -1.0000000000000000e+002  6.3335453502613746e+001  1.4395902377414041e+002
  0.0000000000000000e+000  1.2516999999999999e+001  2.0000000000000000e+001 -9.5000000000000000e+001  8.9458034302513624e+001  1.3972731504019112e+002
  0.0000000000000000e+000  1.2550000000000001e+001  2.3000000000000000e+001 -9.0000000000000000e+001  1.1733832598162735e+002  1.3482369546470272e+002
  0.0000000000000000e+000  1.2583000000000000e+001  2.8000000000000000e+001 -8.6000000000000000e+001  1.4832995969805052e+002  1.2900647722626104e+002
  0.0000000000000000e+000  1.2617000000000001e+001  3.4000000000000000e+001 -8.2000000000000000e+001  1.7633128095998563e+002  1.2323521799683749e+002
  0.0000000000000000e+000  1.2650000000000000e+001  4.1000000000000000e+001 -7.8000000000000000e+001  1.9799054567920621e+002  1.1886669466846688e+002
  0.0000000000000000e+000  1.2683999999999999e+001  4.9000000000000000e+001 -7.4000000000000000e+001  2.1086107287758000e+002  1.1669198133819214e+002
  0.0000000000000000e+000  1.2717000000000001e+001  5.7000000000000000e+001 -7.1000000000000000e+001  2.1302288515732744e+002  1.1853098458752947e+002
  0.0000000000000000e+000  1.2750000000000000e+001  6.5000000000000000e+001 -6.7000000000000000e+001  2.0669096480843655e+002  1.2248233196118326e+002
  0.0000000000000000e+000  1.2784000000000001e+001  7.2000000000000000e+001 -6.3000000000000000e+001  1.9025500952398943e+002  1.2864443756049150e+002
  0.0000000000000000e+000  1.2817000000000000e+001  7.9000000000000000e+001 -5.9000000000000000e+001  1.6784815563687698e+002  1.3671003003820306e+002
  0.0000000000000000e+000  1.2850000000000000e+001  8.4000000000000000e+001 -5.4000000000000000e+001  1.4114354114256093e+002  1.4654737511422536e+002
  0.0000000000000000e+000  1.2884000000000000e+001  8.8000000000000000e+001 -4.9000000000000000e+001  1.1265911615693767e+002  1.5444054455097262e+002
  0.0000000000000000e+000  1.2917000000000000e+001  9.1000000000000000e+001 -4.3000000000000000e+001  8.7983744287999798e+001  1.6106168001190059e+002
  0.0000000000000000e+000  1.2951000000000001e+001  9.3000000000000000e+001 -3.7000000000000000e+001  6.6961962040742492e+001  1.6438064805789691e+002
  0.0000000000000000e+000  1.2984000000000000e+001  9.4000000000000000e+001 -3.2000000000000000e+001  5.5141684681308732e+001  1.6292411483422302e+002
  0.0000000000000000e+000  1.3016999999999999e+001  9.5000000000000000e+001 -2.6000000000000000e+001  5.0873091021478103e+001  1.5829605242426896e+002
  0.0000000000000000e+000  1.3051000000000000e+001  9.5000000000000000e+001 -2.0000000000000000e+001  5.5243167365979389e+001  1.4804000599038864e+002
  0.0000000000000000e+000  1.3084000000000000e+001  9.7000000000000000e+001 -1.5000000000000000e+001  6.6883936267287027e+001  1.3587284536509196e+002
  0.0000000000000000e+000  1.3117000000000001e+001  1.0000000000000000e+002 -1.1000000000000000e+001  8.4183692700938082e+001  1.2102294284948402e+002
  0.0000000000000000e+000  1.3151000000000000e+001  1.0300000000000000e+002 -7.0000000000000000e+000  1.0386740569467383e+002  1.0121632055134432e+002
  0.0000000000000000e+000  1.3183999999999999e+001  1.0600000000000000e+002 -4.0000000000000000e+000  1.2243943013384614e+002  8.2085164963398711e+001
  0.0000000000000000e+000  1.3218000000000000e+001  1.1200000000000000e+002 -1.0000000000000000e+000  1.3370479518615821e+002  6.4773424725757650e+001
  0.0000000000000000e+000  1.3250999999999999e+001  1.1700000000000000e+002  0.0000000000000000e+000  1.3880721482500849e+002  5.0555683625986603e+001
  0.0000000000000000e+000  1.3284000000000001e+001  1.2300000000000000e+002  1.0000000000000000e+000  1.3809275783084649e+002  3.8259429868385268e+001
  0.0000000000000000e+000  1.3318000000000000e+001  1.2800000000000000e+002  1.0000000000000000e+000  1.2705124840609824e+002  2.9997749644046337e+001
  0.0000000000000000e+000  1.3351000000000001e+001  1.3300000000000000e+002  2.0000000000000000e+000  1.0476973411825384e+002  2.5305399885351108e+001
  0.0000000000000000e+000  1.3384000000000000e+001  1.3600000000000000e+002  3.0000000000000000e+000  7.7566366623297654e+001  2.5716174240777747e+001
  0.0000000000000000e+000  1.3417999999999999e+001  1.3900000000000000e+002  4.0000000000000000e+000  4.2931513454070227e+001  2.6542327262475169e+001
  0.0000000000000000e+000  1.3451000000000001e+001  1.3900000000000000e+002  5.0000000000000000e+000  8.7571757823443477e+000  2.7802499498981206e+001
  0.0000000000000000e+000  1.3484999999999999e+001  1.3900000000000000e+002  6.0000000000000000e+000 -2.6320712534594350e+001  2.5419007935148556e+001
  0.0000000000000000e+000  1.3518000000000001e+001  1.3700000000000000e+002  7.0000000000000000e+000 -5.4895640352670853e+001  2.1692330324854538e+001
  0.0000000000000000e+000  1.3551000000000000e+001  1.3400000000000000e+002  8.0000000000000000e+000 -7.8594373878836450e+001  1.5865020521614497e+001
  0.0000000000000000e+000  1.3585000000000001e+001  1.3000000000000000e+002  8.0000000000000000e+000 -9.1667970689087895e+001  6.7194625096517484e+000
  0.0000000000000000e+000  1.3618000000000000e+001  1.2500000000000000e+002  9.0000000000000000e+000 -9.7964904992918491e+001 -5.1473007437170963e+000
  0.0000000000000000e+000  1.3651999999999999e+001  1.2200000000000000e+002  9.0000000000000000e+000 -9.3032490292953298e+001 -2.1059057271953861e+001
  0.0000000000000000e+000  1.3685000000000000e+001  1.1800000000000000e+002  8.0000000000000000e+000 -8.1390298691680982e+001 -3.8819282050068068e+001
  0.0000000000000000e+000  1.3718000000000000e+001  1.1600000000000000e+002  7.0000000000000000e+000 -6.4874642863752342e+001 -5.7600709714673940e+001
  0.0000000000000000e+000  1.3752000000000001e+001  1.1400000000000000e+002  4.0000000000000000e+000 -4.6136130803906781e+001 -7.9535791087126199e+001
  0.0000000000000000e+000  1.3785000000000000e+001  1.1300000000000000e+002  1.0000000000000000e+000 -3.2615051641688297e+001 -9.8329005126381162e+001
  0.0000000000000000e+000  1.3818000000000000e+001  1.1300000000000000e+002 -3.0000000000000000e+000 -2.1487286634061547e+001 -1.1401818306760288e+002
  0.0000000000000000e+000  1.3852000000000000e+001  1.1300000000000000e+002 -8.0000000000000000e+000 -1.9938543732581820e+001 -1.2670010104533617e+002
  0.0000000000000000e+000  1.3885000000000000e+001  1.1300000000000000e+002 -1.2000000000000000e+001 -2.5351146478829833e+001 -1.3315549751954521e+002
  0.0000000000000000e+000  1.3919000000000000e+001  1.1300000000000000e+002 -1.7000000000000000e+001 -4.1467679589988620e+001 -1.3660769837441671e+002
  0.0000000000000000e+000  1.3952000000000000e+001  1.1300000000000000e+002 -2.2000000000000000e+001 -6.5144041019930228e+001 -1.3572267312530653e+002
  0.0000000000000000e+000  1.3984999999999999e+001  1.1000000000000000e+002 -2.7000000000000000e+001 -9.4149643160320920e+001 -1.3238786091943530e+002
  0.0000000000000000e+000  1.4019000000000000e+001  1.0600000000000000e+002 -3.1000000000000000e+001 -1.2766703405624321e+002 -1.2895011753571634e+002
  0.0000000000000000e+000  1.4052000000000000e+001  1.0100000000000000e+002 -3.5000000000000000e+001 -1.6021173963146794e+002 -1.2347781609833805e+002
  0.0000000000000000e+000  1.4085000000000001e+001  9.4000000000000000e+001 -3.9000000000000000e+001 -1.8789614497380353e+002 -1.1850637425202842e+002
  0.0000000000000000e+000  1.4119000000000000e+001  8.7000000000000000e+001 -4.3000000000000000e+001 -2.0451383817366445e+002 -1.1566062463247175e+002
  0.0000000000000000e+000  1.4151999999999999e+001  7.9000000000000000e+001 -4.6000000000000000e+001 -2.1295128660828550e+002 -1.1635924787370482e+002
  0.0000000000000000e+000  1.4186000000000000e+001  7.0000000000000000e+001 -5.0000000000000000e+001 -2.1058064125554392e+002 -1.1870133239567576e+002
  0.0000000000000000e+000  1.4218999999999999e+001  6.3000000000000000e+001 -5.4000000000000000e+001 -1.9801539287327068e+002 -1.2323687506287297e+002
  0.0000000000000000e+000  1.4252000000000001e+001  5.6000000000000000e+001 -5.8000000000000000e+001 -1.7942601415937679e+002 -1.3033912824842446e+002
  0.0000000000000000e+000  1.4286000000000000e+001  5.0000000000000000e+001 -6.2000000000000000e+001 -1.5250434250052240e+002 -1.4014879868912203e+002
  0.0000000000000000e+000  1.4319000000000001e+001  4.6000000000000000e+001 -6.7000000000000000e+001 -1.2415627120813770e+002 -1.4833433831272487e+002
  0.0000000000000000e+000  1.4352000000000000e+001  4.2000000000000000e+001 -7.2000000000000000e+001 -9.9299653726864562e+001 -1.5626013537660856e+002
  0.0000000000000000e+000  1.4385999999999999e+001  4.0000000000000000e+001 -7.8000000000000000e+001 -7.6823182834226827e+001 -1.6276990562242850e+002
  0.0000000000000000e+000  1.4419000000000000e+001  3.9000000000000000e+001 -8.4000000000000000e+001 -6.1938586608618436e+001 -1.6623246700805930e+002
  0.0000000000000000e+000  1.4452999999999999e+001  3.7000000000000000e+001 -9.0000000000000000e+001 -5.6081887338190427e+001 -1.6355855092680122e+002
  0.0000000000000000e+000  1.4486000000000001e+001  3.7000000000000000e+001 -9.6000000000000000e+001 -5.7317767224061754e+001 -1.5711855086123614e+002
  0.0000000000000000e+000  1.4519000000000000e+001  3.5000000000000000e+001 -1.0100000000000000e+002 -6.7939386534826554e+001 -1.4597439418277281e+002
  0.0000000000000000e+000  1.4553000000000001e+001  3.3000000000000000e+001 -1.0600000000000000e+002 -8.4406768089293109e+001 -1.3138757439115761e+002
  0.0000000000000000e+000  1.4586000000000000e+001  3.0000000000000000e+001 -1.1000000000000000e+002 -1.0210392588492141e+002 -1.1552557328337116e+002
  0.0000000000000000e+000  1.4619000000000000e+001  2.6000000000000000e+001 -1.1400000000000000e+002 -1.2277932978007448e+002 -9.8572415775019181e+001
  0.0000000000000000e+000  1.4653000000000000e+001  2.1000000000000000e+001 -1.1600000000000000e+002 -1.3787166891274956e+002 -8.2596920756192048e+001
  0.0000000000000000e+000  1.4686000000000000e+001  1.5000000000000000e+001 -1.1900000000000000e+002 -1.4870576219123177e+002 -6.7721474809685787e+001
  0.0000000000000000e+000  1.4720000000000001e+001  1.0000000000000000e+001 -1.2100000000000000e+002 -1.5103739936874808e+002 -5.5056388784373212e+001
  0.0000000000000000e+000  1.4753000000000000e+001  4.0000000000000000e+000 -1.2200000000000000e+002 -1.4468995800798621e+002 -4.5143742404615750e+001
  0.0000000000000000e+000  1.4786000000000000e+001 -2.0000000000000000e+000 -1.2300000000000000e+002 -1.2949204425626158e+002 -3.9733758101945568e+001
  0.0000000000000000e+000  1.4820000000000000e+001 -6.0000000000000000e+000 -1.2400000000000000e+002 -1.0469965131000572e+002 -3.4260794858882221e+001
  0.0000000000000000e+000  1.4853000000000000e+001 -1.0000000000000000e+001 -1.2500000000000000e+002 -7.6072653375304071e+001 -3.3130425821867561e+001
  0.0000000000000000e+000  1.4885999999999999e+001 -1.2000000000000000e+001 -1.2600000000000000e+002 -4.0539092740596971e+001 -3.4354471317860487e+001
  0.0000000000000000e+000  1.4920000000000000e+001 -1.3000000000000000e+001 -1.2700000000000000e+002 -3.3620545718513313e+000 -3.4935492307754089e+001
  0.0000000000000000e+000  1.4952999999999999e+001 -1.2000000000000000e+001 -1.2900000000000000e+002  2.8518411033446682e+001 -3.4463052366612146e+001
  0.0000000000000000e+000  1.4987000000000000e+001 -9.0000000000000000e+000 -1.3000000000000000e+002  5.7236986728655211e+001 -3.1577188918146021e+001
  0.0000000000000000e+000  1.5020000000000000e+001 -6.0000000000000000e+000 -1.3100000000000000e+002  7.6050738700805141e+001 -2.5876961365832358e+001
  0.0000000000000000e+000  1.5053000000000001e+001 -2.0000000000000000e+000 -1.3300000000000000e+002  8.6354833133314969e+001 -1.6535925640093410e+001
  0.0000000000000000e+000  1.5087000000000000e+001  1.0000000000000000e+000 -1.3300000000000000e+002  8.5612304916935500e+001 -1.8963642286562390e+000
  0.0000000000000000e+000  1.5119999999999999e+001  5.0000000000000000e+000 -1.3300000000000000e+002  7.7248309020308625e+001  1.3556572108340333e+001
  0.0000000000000000e+000  1.5154000000000000e+001  7.0000000000000000e+000 -1.3300000000000000e+002  6.4780653367376544e+001  3.3036685146398668e+001
  0.0000000000000000e+000  1.5186999999999999e+001  9.0000000000000000e+000 -1.3100000000000000e+002  4.9868917453018184e+001  5.4094759931966109e+001
  0.0000000000000000e+000  1.5220000000000001e+001  1.0000000000000000e+001 -1.2900000000000000e+002  3.6168787277598312e+001  7.2051278319875564e+001
  0.0000000000000000e+000  1.5254000000000000e+001  1.1000000000000000e+001 -1.2600000000000000e+002  2.3029828989502448e+001  9.0562886504346352e+001
  0.0000000000000000e+000  1.5287000000000001e+001  1.1000000000000000e+001 -1.2200000000000000e+002  1.7292071185135683e+001  1.0639760785758835e+002
  0.0000000000000000e+000  1.5320000000000000e+001  1.1000000000000000e+001 -1.1800000000000000e+002  1.6302306346706246e+001  1.1662110699031018e+002
  0.0000000000000000e+000  1.5353999999999999e+001  1.1000000000000000e+001 -1.1400000000000000e+002  2.3788413368747570e+001  1.2430718349129967e+002
  0.0000000000000000e+000  1.5387000000000000e+001  1.1000000000000000e+001 -1.0900000000000000e+002  3.7946809093871707e+001  1.2744357481893019e+002
  0.0000000000000000e+000  1.5420999999999999e+001  1.1000000000000000e+001 -1.0500000000000000e+002  6.1708447461618562e+001  1.2661371221145146e+002
  0.0000000000000000e+000  1.5454000000000001e+001  1.4000000000000000e+001 -1.0000000000000000e+002  8.9883291789335999e+001  1.2462915949665330e+002
  0.0000000000000000e+000  1.5487000000000000e+001  1.7000000000000000e+001 -9.6000000000000000e+001  1.2166842511164941e+002  1.2113836609804230e+002
  0.0000000000000000e+000  1.5521000000000001e+001  2.2000000000000000e+001 -9.2000000000000000e+001  1.5454805889226009e+002  1.1550365311861196e+002
  0.0000000000000000e+000  1.5554000000000000e+001  2.9000000000000000e+001 -8.9000000000000000e+001  1.8234229243792561e+002  1.1228171375039602e+002
  0.0000000000000000e+000  1.5587000000000000e+001  3.6000000000000000e+001 -8.5000000000000000e+001  1.9970103193834393e+002  1.0913552539844932e+002
  0.0000000000000000e+000  1.5621000000000000e+001  4.4000000000000000e+001 -8.2000000000000000e+001  2.0973369512877298e+002  1.1086283396920680e+002
  0.0000000000000000e+000  1.5654000000000000e+001  5.2000000000000000e+001 -7.8000000000000000e+001  2.0831592700520468e+002  1.1528233396570340e+002
  0.0000000000000000e+000  1.5688000000000001e+001  6.0000000000000000e+001 -7.5000000000000000e+001  1.9545653407532882e+002  1.2315235766242768e+002
  0.0000000000000000e+000  1.5721000000000000e+001  6.6000000000000000e+001 -7.1000000000000000e+001  1.7711583449448517e+002  1.3107909881123942e+002
  0.0000000000000000e+000  1.5754000000000000e+001  7.2000000000000000e+001 -6.6000000000000000e+001  1.5313283211476664e+002  1.4180188689427450e+002
  0.0000000000000000e+000  1.5788000000000000e+001  7.7000000000000000e+001 -6.1000000000000000e+001  1.2606627494300483e+002  1.5128417710559597e+002
  0.0000000000000000e+000  1.5821000000000000e+001  8.0000000000000000e+001 -5.5000000000000000e+001  1.0142340977370441e+002  1.6077898588714220e+002
  0.0000000000000000e+000  1.5853999999999999e+001  8.3000000000000000e+001 -5.0000000000000000e+001  8.2130990938315335e+001  1.6544874111991223e+002
  0.0000000000000000e+000  1.5888000000000000e+001  8.4000000000000000e+001 -4.4000000000000000e+001  6.7118669198165435e+001  1.6623789875482998e+002
  0.0000000000000000e+000  1.5920999999999999e+001  8.5000000000000000e+001 -3.8000000000000000e+001  6.0615952245802873e+001  1.6460296302151437e+002
  0.0000000000000000e+000  1.5955000000000000e+001  8.7000000000000000e+001 -3.2000000000000000e+001  6.4043858382453436e+001  1.5845446201919640e+002
  0.0000000000000000e+000  1.5988000000000000e+001  8.8000000000000000e+001 -2.7000000000000000e+001  7.3562299966502906e+001  1.5113166683193958e+002
  0.0000000000000000e+000  1.6021000000000001e+001  9.1000000000000000e+001 -2.2000000000000000e+001  9.0592164522520761e+001  1.3905331259288323e+002
  0.0000000000000000e+000  1.6055000000000000e+001  9.4000000000000000e+001 -1.7000000000000000e+001  1.0943404271017971e+002  1.2370948087980469e+002
  0.0000000000000000e+000  1.6088000000000001e+001  9.8000000000000000e+001 -1.3000000000000000e+001  1.2700657943417445e+002  1.0802475672455057e+002
  0.0000000000000000e+000  1.6120999999999999e+001  1.0300000000000000e+002 -1.0000000000000000e+001  1.4373611651337569e+002  9.2920444414430676e+001
  0.0000000000000000e+000  1.6155000000000001e+001  1.0900000000000000e+002 -7.0000000000000000e+000  1.5351619119120102e+002  7.8083049534117890e+001
  0.0000000000000000e+000  1.6187999999999999e+001  1.1500000000000000e+002 -5.0000000000000000e+000  1.5796350955317575e+002  6.6173124417128292e+001
  0.0000000000000000e+000  1.6222000000000001e+001  1.2100000000000000e+002 -4.0000000000000000e+000  1.5247205572857456e+002  5.8869190272743687e+001
  0.0000000000000000e+000  1.6254999999999999e+001  1.2600000000000000e+002 -3.0000000000000000e+000  1.3815958495967789e+002  5.5708351578379279e+001
  0.0000000000000000e+000  1.6288000000000000e+001  1.3200000000000000e+002 -1.0000000000000000e+000  1.1582064997858834e+002  5.4781579323568167e+001
  0.0000000000000000e+000  1.6321999999999999e+001  1.3500000000000000e+002  1.0000000000000000e+000  8.5884358671151858e+001  5.6737464501296387e+001
  0.0000000000000000e+000  1.6355000000000000e+001  1.3900000000000000e+002  4.0000000000000000e+000  5.2021065029115562e+001  5.9543213094046450e+001
  0.0000000000000000e+000  1.6388000000000002e+001  1.3900000000000000e+002  6.0000000000000000e+000  1.2197529665576440e+001  5.6766003402121441e+001
  0.0000000000000000e+000  1.6422000000000001e+001  1.3900000000000000e+002  8.0000000000000000e+000 -2.8832779496853618e+001  5.3904635840744049e+001
  0.0000000000000000e+000  1.6454999999999998e+001  1.3700000000000000e+002  1.0000000000000000e+001 -6.8656314860389102e+001  5.1127426148819268e+001
  0.0000000000000000e+000  1.6489000000000001e+001  1.3400000000000000e+002  1.1000000000000000e+001 -1.0968662402282280e+002  4.8266058587441648e+001
  0.0000000000000000e+000  1.6521999999999998e+001  1.3000000000000000e+002  1.2000000000000000e+001 -1.4951015938635828e+002  4.5488848895516867e+001
